0	1	1
1	683	1
1	2424	1
2	3	1
2	2454	1
3	351	1
3	1048	1
3	151	1
4	5	1
4	227	1
4	269	1
4	456	1
4	539	1
4	664	1
4	898	1
4	572	1
4	1432	1
4	1500	1
4	381	1
4	1236	1
4	222	1
4	1799	1
4	365	1
4	1477	1
4	638	1
4	2102	1
4	943	1
4	128	1
4	33	1
4	2484	1
5	107	1
5	344	1
5	652	1
5	696	1
5	746	1
5	1292	1
5	611	1
5	602	1
5	715	1
5	730	1
5	1719	1
5	576	1
5	2041	1
5	571	1
5	1081	1
5	376	1
5	227	1
5	1187	1
5	538	1
5	1479	1
5	133	1
5	139	1
5	1533	1
5	2475	1
6	7	1
6	381	1
6	87	1
6	274	1
6	787	1
6	293	1
6	1244	1
6	907	1
6	226	1
6	832	1
6	2146	1
6	1833	1
6	1988	1
6	1560	1
7	177	1
7	649	1
7	890	1
7	2150	1
8	9	1
9	193	1
9	1255	1
9	435	1
10	11	1
10	212	1
10	266	1
10	296	1
10	362	1
10	392	1
10	413	1
10	529	1
10	256	1
10	720	1
10	50	1
10	920	1
10	15	1
10	229	1
10	1048	1
10	100	1
10	594	1
10	1249	1
10	1324	1
10	1325	1
10	1399	1
10	699	1
10	841	1
10	1471	1
10	193	1
10	161	1
10	1009	1
10	246	1
10	1623	1
10	1727	1
10	1594	1
10	1577	1
10	128	1
10	1492	1
10	75	1
10	1330	1
10	1871	1
10	153	1
10	1875	1
10	1425	1
10	94	1
10	1006	1
10	612	1
10	160	1
10	517	1
10	2129	1
10	842	1
10	368	1
10	25	1
10	1074	1
10	2040	1
10	599	1
10	1030	1
10	2270	1
10	1859	1
10	987	1
10	824	1
11	270	1
11	763	1
11	128	1
11	1522	1
11	409	1
12	13	1
12	36	1
12	478	1
12	37	1
12	65	1
12	66	1
12	41	1
13	791	1
13	66	1
13	37	1
13	41	1
14	15	1
14	82	1
14	586	1
14	1051	1
14	780	1
14	1198	1
14	1245	1
14	993	1
14	33	1
14	1591	1
14	215	1
14	884	1
14	335	1
14	153	1
14	1274	1
14	1343	1
15	1508	1
15	109	1
15	128	1
16	17	1
16	1876	1
16	1709	1
18	19	1
19	994	1
19	1664	1
19	101	1
19	269	1
19	1413	1
19	249	1
19	100	1
19	184	1
20	21	1
20	393	1
20	674	1
20	498	1
21	672	1
22	23	1
22	531	1
22	551	1
22	294	1
22	753	1
23	1217	1
24	25	1
24	738	1
24	1243	1
24	1128	1
24	156	1
24	109	1
25	40	1
25	182	1
25	434	1
25	156	1
25	631	1
25	647	1
25	738	1
25	78	1
25	792	1
25	166	1
25	233	1
25	1260	1
25	1376	1
25	1422	1
25	347	1
25	841	1
25	1560	1
25	326	1
25	1128	1
25	217	1
25	429	1
25	1810	1
25	874	1
25	1156	1
25	357	1
25	113	1
25	2266	1
25	458	1
25	109	1
25	1277	1
26	27	1
26	178	1
26	908	1
26	109	1
26	1648	1
27	138	1
27	888	1
27	105	1
27	102	1
27	103	1
27	1699	1
27	194	1
27	572	1
28	29	1
29	533	1
29	905	1
29	952	1
29	1258	1
29	1058	1
29	739	1
29	737	1
29	1177	1
29	2154	1
29	2193	1
29	1625	1
29	2418	1
30	31	1
30	645	1
30	355	1
31	363	1
31	1291	1
31	733	1
31	151	1
31	755	1
32	33	1
32	595	1
32	611	1
32	1409	1
32	508	1
32	51	1
32	892	1
32	429	1
32	530	1
33	240	1
33	456	1
33	274	1
33	683	1
33	695	1
33	707	1
33	843	1
33	883	1
33	887	1
33	979	1
33	995	1
33	1062	1
33	1077	1
33	1210	1
33	1233	1
33	1406	1
33	1418	1
33	1457	1
33	1501	1
33	1573	1
33	1655	1
33	1685	1
33	1700	1
33	1740	1
33	1488	1
33	1795	1
33	1811	1
33	1894	1
33	1899	1
33	196	1
33	1318	1
33	726	1
33	1857	1
33	589	1
33	2099	1
33	2149	1
33	2152	1
33	2183	1
33	2203	1
33	1772	1
33	2295	1
33	1931	1
33	2334	1
33	2372	1
33	1307	1
33	426	1
33	2470	1
33	2487	1
34	35	1
34	1641	1
35	1641	1
36	37	1
36	65	1
37	66	1
37	41	1
37	65	1
38	39	1
38	113	1
38	326	1
38	408	1
39	172	1
39	2006	1
40	357	1
40	380	1
40	1522	1
41	42	1
41	1354	1
41	791	1
41	65	1
42	904	1
42	641	1
42	1159	1
42	1675	1
42	213	1
42	500	1
42	1335	1
42	328	1
42	1280	1
42	2412	1
42	1074	1
43	44	1
43	242	1
43	1128	1
43	366	1
43	1154	1
43	1061	1
43	1695	1
43	1668	1
43	724	1
43	1022	1
43	347	1
43	201	1
43	298	1
43	875	1
43	874	1
43	1440	1
43	377	1
44	51	1
44	953	1
44	1695	1
44	1823	1
44	2019	1
44	2091	1
44	592	1
45	46	1
47	48	1
48	598	1
48	684	1
48	107	1
48	1171	1
48	531	1
48	634	1
48	1455	1
48	2108	1
48	411	1
48	196	1
48	2221	1
48	1608	1
48	1192	1
48	2416	1
48	294	1
48	1457	1
49	50	1
50	125	1
50	174	1
50	313	1
50	317	1
50	235	1
50	380	1
50	505	1
50	470	1
50	653	1
50	763	1
50	811	1
50	906	1
50	708	1
50	1178	1
50	343	1
50	1318	1
50	108	1
50	206	1
50	1492	1
50	285	1
50	1257	1
50	113	1
50	1625	1
50	347	1
50	234	1
50	1996	1
50	1213	1
50	1797	1
50	128	1
50	2055	1
50	1648	1
50	157	1
50	1608	1
50	859	1
50	109	1
50	1459	1
50	841	1
50	2294	1
50	56	1
50	307	1
50	2355	1
50	1284	1
50	412	1
50	1575	1
51	52	1
51	623	1
51	1225	1
52	1159	1
53	54	1
54	347	1
55	56	1
55	368	1
55	280	1
55	1628	1
55	1139	1
55	1635	1
55	1589	1
55	1634	1
55	109	1
55	849	1
56	206	1
56	654	1
56	265	1
57	58	1
57	219	1
57	287	1
57	193	1
57	753	1
57	1152	1
57	596	1
57	504	1
57	839	1
57	395	1
57	1649	1
57	1080	1
57	363	1
57	207	1
57	2359	1
59	60	1
59	243	1
59	257	1
59	761	1
59	115	1
59	559	1
59	1461	1
59	406	1
59	2093	1
60	357	1
60	297	1
60	1545	1
60	560	1
60	2086	1
60	243	1
61	62	1
61	99	1
61	114	1
61	279	1
61	405	1
61	677	1
61	596	1
61	688	1
61	759	1
61	591	1
61	1038	1
61	968	1
61	158	1
61	734	1
61	839	1
61	1413	1
61	354	1
61	1674	1
61	1675	1
61	1217	1
61	1785	1
61	1839	1
61	1874	1
61	100	1
61	2024	1
61	2031	1
61	2043	1
61	208	1
61	2072	1
61	398	1
61	418	1
61	2189	1
61	1119	1
61	219	1
61	2366	1
61	978	1
61	1335	1
61	764	1
62	101	1
63	64	1
63	684	1
64	1315	1
64	747	1
64	1793	1
65	66	1
65	478	1
66	791	1
67	68	1
67	1447	1
67	1556	1
67	107	1
68	75	1
68	104	1
68	250	1
68	389	1
68	712	1
68	713	1
68	1031	1
68	1181	1
68	470	1
68	253	1
68	1403	1
68	1407	1
68	116	1
68	178	1
68	168	1
68	1639	1
68	1701	1
68	1706	1
68	1440	1
68	931	1
68	156	1
68	1022	1
68	198	1
68	924	1
68	1076	1
68	199	1
68	1597	1
68	1929	1
68	2101	1
68	855	1
68	1066	1
68	229	1
68	763	1
68	2130	1
68	108	1
68	1577	1
69	70	1
69	202	1
69	484	1
70	1821	1
71	72	1
71	1911	1
72	1429	1
73	74	1
73	1643	1
74	681	1
75	92	1
75	369	1
75	467	1
75	662	1
75	942	1
75	1125	1
75	1382	1
75	908	1
75	164	1
75	470	1
75	1907	1
75	1022	1
75	1592	1
75	2284	1
75	2354	1
75	2395	1
75	1625	1
76	77	1
78	79	1
78	521	1
78	549	1
78	712	1
78	601	1
78	1506	1
78	1547	1
78	1099	1
78	170	1
79	213	1
79	287	1
79	314	1
79	193	1
79	641	1
79	828	1
79	81	1
79	395	1
79	734	1
79	236	1
79	1335	1
79	328	1
79	1528	1
79	998	1
79	1679	1
79	310	1
79	862	1
79	904	1
79	500	1
79	1119	1
79	1880	1
79	655	1
79	407	1
79	669	1
79	1908	1
79	496	1
79	1029	1
79	2048	1
79	1582	1
79	183	1
79	100	1
79	2198	1
79	2034	1
79	580	1
79	337	1
79	278	1
79	1181	1
79	457	1
79	309	1
79	146	1
79	1675	1
79	1148	1
79	1552	1
79	567	1
80	81	1
80	1431	1
80	375	1
80	2138	1
80	959	1
81	294	1
81	1196	1
81	1476	1
81	2126	1
81	2179	1
81	276	1
81	862	1
81	2020	1
81	194	1
82	83	1
82	599	1
82	730	1
82	155	1
84	85	1
84	204	1
85	204	1
86	87	1
86	293	1
86	687	1
87	226	1
87	1491	1
87	926	1
87	337	1
87	2185	1
87	556	1
87	2444	1
87	293	1
87	2040	1
88	89	1
88	672	1
88	2207	1
89	736	1
89	805	1
89	971	1
89	1096	1
89	1111	1
89	1288	1
89	1266	1
89	347	1
89	2021	1
89	2007	1
89	425	1
89	340	1
89	505	1
89	166	1
89	1001	1
90	91	1
90	146	1
90	655	1
90	988	1
90	1074	1
90	734	1
90	208	1
90	337	1
90	1280	1
90	998	1
90	213	1
90	1552	1
90	1603	1
90	100	1
90	183	1
90	1825	1
90	1097	1
90	1181	1
90	1994	1
90	498	1
90	2085	1
90	641	1
90	2280	1
90	500	1
90	236	1
90	567	1
90	1720	1
90	1148	1
90	1889	1
91	201	1
91	507	1
91	522	1
91	424	1
91	1375	1
91	1660	1
92	188	1
92	419	1
92	272	1
92	214	1
92	983	1
92	201	1
92	1128	1
92	1232	1
92	1337	1
92	1434	1
92	156	1
92	215	1
92	924	1
92	1964	1
93	94	1
94	418	1
94	233	1
94	863	1
94	803	1
94	1557	1
94	1745	1
94	128	1
94	168	1
94	187	1
94	983	1
94	1803	1
95	96	1
95	569	1
95	2396	1
96	862	1
97	98	1
98	469	1
98	2235	1
98	2245	1
98	2379	1
98	1728	1
100	101	1
100	279	1
100	248	1
100	422	1
100	146	1
100	194	1
100	255	1
100	312	1
100	1696	1
100	1633	1
100	1887	1
100	563	1
100	1923	1
100	481	1
100	1653	1
100	2144	1
100	1168	1
100	568	1
100	414	1
100	2318	1
100	209	1
100	2463	1
100	1280	1
101	207	1
101	267	1
101	274	1
101	193	1
101	384	1
101	762	1
101	764	1
101	677	1
101	493	1
101	1126	1
101	395	1
101	1379	1
101	114	1
101	1610	1
101	287	1
101	644	1
101	158	1
101	1649	1
101	1528	1
101	2034	1
101	1335	1
101	132	1
101	880	1
101	183	1
101	1764	1
101	1547	1
101	278	1
101	309	1
101	1675	1
102	103	1
102	1299	1
102	888	1
102	764	1
102	138	1
102	527	1
103	1087	1
103	194	1
103	138	1
103	1921	1
103	888	1
104	308	1
105	106	1
105	254	1
105	330	1
105	109	1
105	137	1
105	470	1
105	882	1
105	1814	1
105	1343	1
108	109	1
108	137	1
108	465	1
108	563	1
108	125	1
108	119	1
108	237	1
108	536	1
108	765	1
108	827	1
108	1013	1
108	942	1
108	1076	1
108	689	1
108	1022	1
108	156	1
108	1236	1
108	948	1
108	841	1
108	1334	1
108	194	1
108	925	1
108	1394	1
108	1566	1
108	168	1
108	170	1
108	557	1
108	1681	1
108	1683	1
108	366	1
108	178	1
108	1762	1
108	1769	1
108	910	1
108	294	1
108	920	1
108	120	1
108	1492	1
108	1767	1
108	842	1
108	1308	1
108	157	1
108	470	1
108	1952	1
108	1553	1
108	2050	1
108	152	1
108	161	1
108	2157	1
108	330	1
108	1737	1
108	1824	1
108	2257	1
108	2417	1
108	297	1
109	128	1
109	164	1
109	181	1
109	296	1
109	601	1
109	809	1
109	882	1
109	590	1
109	368	1
109	1109	1
109	564	1
109	1343	1
109	586	1
109	168	1
109	411	1
109	470	1
109	156	1
109	908	1
109	1726	1
109	284	1
109	1833	1
109	798	1
109	157	1
109	1060	1
109	1998	1
109	2061	1
109	1639	1
109	2067	1
109	1127	1
109	330	1
109	2158	1
109	1798	1
109	2182	1
109	1837	1
109	292	1
109	1822	1
109	1597	1
109	2330	1
109	2404	1
109	2250	1
109	137	1
109	2037	1
109	1737	1
109	285	1
110	111	1
110	168	1
110	806	1
110	151	1
111	280	1
111	625	1
111	172	1
111	984	1
112	113	1
112	241	1
112	454	1
112	864	1
112	1698	1
112	233	1
112	219	1
112	1760	1
112	1982	1
112	294	1
113	182	1
113	326	1
113	691	1
113	929	1
113	763	1
113	357	1
113	356	1
113	884	1
113	233	1
113	285	1
113	1070	1
113	697	1
114	355	1
114	845	1
114	343	1
114	1932	1
114	294	1
114	158	1
114	2164	1
114	2423	1
115	116	1
115	397	1
115	737	1
115	829	1
115	1383	1
115	1888	1
115	1124	1
115	1123	1
116	1123	1
116	1124	1
116	728	1
116	1093	1
116	829	1
116	729	1
117	118	1
117	967	1
117	144	1
118	1387	1
118	965	1
119	120	1
119	1454	1
120	901	1
120	1153	1
120	1330	1
120	1454	1
120	285	1
121	122	1
121	376	1
121	1112	1
123	124	1
123	1569	1
123	229	1
123	522	1
123	619	1
124	618	1
125	733	1
126	127	1
127	253	1
127	1577	1
127	1576	1
127	310	1
128	256	1
128	201	1
128	361	1
128	1075	1
128	1346	1
128	1538	1
128	1755	1
128	1875	1
128	563	1
128	212	1
128	276	1
129	130	1
129	646	1
130	646	1
130	1290	1
131	132	1
131	144	1
132	311	1
132	1113	1
132	2006	1
132	2431	1
132	1332	1
133	134	1
133	1618	1
134	1618	1
135	136	1
135	288	1
135	237	1
137	622	1
138	139	1
138	730	1
138	194	1
138	888	1
139	216	1
139	281	1
139	790	1
139	457	1
139	179	1
139	576	1
139	908	1
139	1167	1
139	572	1
139	767	1
139	1294	1
139	1300	1
139	1416	1
139	1417	1
139	1419	1
139	1281	1
139	1057	1
139	746	1
139	1078	1
139	1611	1
139	1670	1
139	1129	1
139	344	1
139	849	1
139	1847	1
139	248	1
139	1938	1
139	1958	1
139	1570	1
139	269	1
139	1465	1
139	2030	1
139	944	1
139	222	1
139	2090	1
139	2105	1
139	919	1
139	2137	1
139	2139	1
139	1396	1
139	2191	1
139	1292	1
139	1133	1
139	2288	1
139	1481	1
139	2319	1
139	2370	1
139	2382	1
139	1900	1
139	2434	1
139	2436	1
139	718	1
139	2447	1
139	730	1
139	2458	1
139	971	1
139	1657	1
140	141	1
140	1257	1
140	248	1
140	1816	1
140	2230	1
140	1459	1
140	2347	1
140	309	1
140	418	1
141	2310	1
142	143	1
142	588	1
143	582	1
144	145	1
144	1166	1
144	967	1
145	305	1
145	1777	1
145	2356	1
145	2481	1
146	147	1
146	481	1
146	568	1
147	1251	1
147	340	1
147	489	1
147	1522	1
147	1932	1
148	149	1
148	438	1
148	477	1
148	150	1
148	1640	1
148	330	1
148	2384	1
149	472	1
149	160	1
150	151	1
150	1206	1
150	505	1
151	449	1
151	932	1
151	475	1
151	1190	1
151	368	1
151	843	1
151	540	1
151	380	1
151	445	1
151	1717	1
151	193	1
151	153	1
151	763	1
151	1924	1
151	1957	1
151	2033	1
151	634	1
151	1537	1
151	2442	1
152	153	1
152	457	1
152	1181	1
152	595	1
153	1030	1
153	270	1
153	682	1
153	2218	1
153	1198	1
153	405	1
153	1855	1
153	2419	1
154	155	1
154	268	1
155	435	1
155	158	1
155	854	1
155	1958	1
155	2488	1
156	157	1
156	197	1
156	908	1
156	1422	1
156	1060	1
157	601	1
157	1283	1
157	1334	1
157	1798	1
157	841	1
157	2395	1
158	159	1
158	926	1
158	862	1
158	1244	1
158	1521	1
158	537	1
158	880	1
158	219	1
158	1829	1
158	1997	1
158	2231	1
158	2263	1
158	2373	1
158	1760	1
158	241	1
158	2472	1
159	714	1
159	926	1
159	1112	1
160	161	1
161	366	1
162	163	1
162	932	1
165	166	1
166	672	1
166	1928	1
166	363	1
166	2238	1
166	355	1
167	168	1
167	1537	1
168	426	1
168	288	1
168	1076	1
168	1337	1
168	1815	1
168	724	1
168	411	1
168	841	1
168	629	1
168	882	1
168	419	1
169	170	1
170	1022	1
170	2449	1
171	172	1
172	678	1
172	766	1
172	1205	1
172	1351	1
172	1558	1
172	1604	1
172	2134	1
172	902	1
172	2248	1
172	2252	1
172	2275	1
172	2365	1
172	2439	1
172	2440	1
173	174	1
173	872	1
173	481	1
174	754	1
174	816	1
174	1467	1
174	782	1
174	1005	1
175	176	1
175	421	1
175	589	1
176	508	1
176	542	1
176	722	1
176	330	1
176	2040	1
176	784	1
176	776	1
176	333	1
176	366	1
176	711	1
176	2367	1
176	732	1
177	890	1
177	2150	1
177	1733	1
178	727	1
178	308	1
178	1087	1
178	296	1
178	261	1
179	180	1
179	1696	1
179	2286	1
179	2289	1
179	642	1
180	958	1
180	1772	1
180	944	1
181	564	1
183	184	1
183	286	1
183	255	1
183	194	1
183	406	1
183	843	1
183	481	1
183	248	1
183	491	1
183	991	1
183	605	1
183	1942	1
183	2032	1
183	2205	1
183	1211	1
183	242	1
183	312	1
183	874	1
184	564	1
184	406	1
184	457	1
184	812	1
184	242	1
184	1219	1
184	1079	1
184	330	1
184	710	1
184	1849	1
184	605	1
184	2032	1
184	288	1
184	789	1
184	670	1
184	1078	1
184	401	1
184	2364	1
184	1083	1
185	186	1
185	1542	1
187	188	1
187	851	1
187	693	1
187	289	1
187	1308	1
187	419	1
188	1241	1
188	1430	1
188	863	1
188	2119	1
188	341	1
188	421	1
189	190	1
190	404	1
190	408	1
190	233	1
191	192	1
191	399	1
191	443	1
191	627	1
191	348	1
191	2400	1
191	267	1
192	572	1
193	194	1
193	255	1
193	309	1
194	500	1
194	503	1
194	527	1
194	566	1
194	667	1
194	764	1
194	904	1
194	989	1
194	998	1
194	1451	1
194	1074	1
194	1684	1
194	858	1
194	415	1
194	1896	1
194	567	1
194	1455	1
194	2057	1
194	580	1
194	1524	1
194	888	1
194	236	1
194	384	1
194	1889	1
194	1610	1
195	196	1
195	1993	1
196	200	1
196	784	1
196	1227	1
196	508	1
196	1614	1
196	1993	1
197	690	1
197	629	1
197	472	1
197	330	1
198	199	1
198	302	1
200	1057	1
200	1289	1
200	508	1
201	550	1
202	203	1
202	396	1
202	676	1
202	1468	1
202	848	1
203	700	1
203	484	1
203	2471	1
204	205	1
204	2233	1
205	455	1
205	2348	1
206	412	1
206	811	1
206	473	1
206	806	1
206	2156	1
206	2496	1
207	1331	1
207	278	1
208	209	1
208	577	1
208	843	1
208	481	1
208	1523	1
208	1168	1
209	328	1
209	500	1
209	850	1
209	1029	1
209	1047	1
209	1097	1
209	567	1
209	2208	1
209	641	1
209	1982	1
209	219	1
209	384	1
210	211	1
210	2211	1
211	2017	1
212	891	1
212	1780	1
213	388	1
213	255	1
214	215	1
214	418	1
215	532	1
215	586	1
215	1506	1
215	2291	1
215	763	1
215	470	1
217	218	1
217	329	1
217	388	1
217	804	1
217	1505	1
219	753	1
220	221	1
220	649	1
220	1443	1
220	711	1
221	1443	1
221	2213	1
222	223	1
222	292	1
222	376	1
222	384	1
222	1987	1
223	312	1
223	577	1
223	1277	1
224	225	1
224	463	1
224	468	1
224	250	1
224	849	1
224	1500	1
224	1614	1
224	382	1
224	398	1
224	978	1
225	1234	1
225	1275	1
225	383	1
226	832	1
226	787	1
227	437	1
227	1129	1
227	1482	1
227	1273	1
228	229	1
228	817	1
228	955	1
228	683	1
228	1591	1
228	2059	1
228	1034	1
229	522	1
229	968	1
229	999	1
229	780	1
229	1022	1
229	1743	1
229	1793	1
229	365	1
229	308	1
230	231	1
231	540	1
231	1774	1
231	1048	1
232	233	1
232	1324	1
233	1165	1
233	1453	1
233	1794	1
233	1864	1
233	1922	1
233	408	1
233	763	1
233	2402	1
234	235	1
234	806	1
234	684	1
234	1140	1
234	531	1
235	1284	1
235	1235	1
235	684	1
235	245	1
235	380	1
235	2456	1
236	237	1
236	312	1
236	248	1
237	309	1
237	527	1
237	1014	1
237	474	1
237	1371	1
237	284	1
237	500	1
237	1327	1
237	1806	1
237	562	1
237	2062	1
237	2241	1
237	2239	1
238	239	1
238	348	1
239	348	1
241	634	1
241	355	1
241	1362	1
241	1444	1
241	1764	1
241	363	1
242	670	1
242	853	1
242	1083	1
242	1269	1
242	1219	1
242	789	1
242	406	1
242	710	1
242	1078	1
242	788	1
243	697	1
243	560	1
243	559	1
244	245	1
245	561	1
245	600	1
245	949	1
245	363	1
245	1649	1
245	1662	1
245	1319	1
245	1341	1
245	620	1
245	1979	1
245	2140	1
245	435	1
245	2206	1
245	2234	1
245	2360	1
245	2414	1
246	247	1
246	769	1
246	2190	1
247	320	1
247	873	1
247	1191	1
247	1493	1
247	2113	1
248	249	1
248	323	1
248	580	1
248	269	1
248	384	1
248	1530	1
248	287	1
248	989	1
248	1528	1
248	688	1
248	412	1
248	644	1
248	496	1
249	309	1
249	312	1
250	621	1
250	1069	1
250	365	1
250	1561	1
250	671	1
250	1719	1
250	978	1
251	252	1
254	1028	1
254	1755	1
255	457	1
255	839	1
255	384	1
255	261	1
255	316	1
255	496	1
255	764	1
255	395	1
255	1916	1
255	1047	1
255	1530	1
255	1985	1
255	500	1
255	314	1
255	1074	1
255	407	1
255	2494	1
256	763	1
256	261	1
258	259	1
258	1214	1
258	2018	1
259	1478	1
259	779	1
259	1477	1
260	261	1
260	644	1
261	862	1
261	981	1
261	1671	1
261	1699	1
261	1737	1
261	406	1
261	1225	1
261	562	1
261	1365	1
261	1324	1
261	987	1
261	2201	1
261	1915	1
261	1168	1
261	2453	1
262	263	1
262	2015	1
264	265	1
267	585	1
267	276	1
267	371	1
267	1168	1
267	527	1
267	1196	1
267	2327	1
267	568	1
268	588	1
269	281	1
269	1129	1
269	1078	1
269	908	1
269	602	1
270	271	1
270	446	1
270	492	1
270	565	1
270	659	1
270	682	1
270	717	1
270	440	1
270	1332	1
270	410	1
270	1597	1
270	780	1
270	1598	1
270	1708	1
270	1131	1
270	691	1
270	763	1
270	380	1
270	2290	1
270	1198	1
270	1522	1
270	409	1
270	611	1
271	921	1
271	733	1
271	1686	1
272	273	1
272	341	1
272	629	1
272	822	1
272	951	1
272	1308	1
272	418	1
272	978	1
272	863	1
272	419	1
273	1148	1
273	1171	1
274	815	1
274	572	1
274	312	1
275	276	1
275	348	1
275	412	1
276	1053	1
276	1301	1
276	1196	1
276	763	1
276	1547	1
276	782	1
277	278	1
278	562	1
278	1168	1
278	1452	1
278	1453	1
278	1574	1
278	1120	1
278	2161	1
278	309	1
278	1268	1
280	620	1
280	1073	1
280	1117	1
280	683	1
282	283	1
283	1145	1
283	2321	1
283	873	1
283	1048	1
284	285	1
285	821	1
285	1054	1
285	1716	1
285	1858	1
285	1918	1
285	1769	1
285	1637	1
285	2087	1
285	875	1
285	1737	1
285	299	1
285	691	1
286	783	1
286	858	1
286	454	1
286	349	1
286	1470	1
286	626	1
286	327	1
286	1626	1
286	2070	1
286	1507	1
286	2253	1
286	1365	1
286	2422	1
286	1138	1
287	442	1
287	309	1
287	323	1
287	843	1
288	289	1
288	742	1
288	1340	1
288	1079	1
288	710	1
288	937	1
288	1747	1
288	841	1
288	2029	1
288	377	1
288	2111	1
288	1078	1
288	788	1
288	1083	1
289	803	1
289	863	1
290	291	1
290	562	1
291	689	1
291	1708	1
291	308	1
292	564	1
292	606	1
292	629	1
292	715	1
293	633	1
293	801	1
293	294	1
293	867	1
293	907	1
293	1120	1
293	556	1
293	1988	1
293	1782	1
293	2405	1
293	1363	1
294	295	1
294	441	1
294	587	1
294	438	1
294	1356	1
294	1711	1
294	1860	1
294	589	1
294	2176	1
294	862	1
294	683	1
294	2490	1
295	862	1
296	411	1
296	298	1
296	2250	1
296	2067	1
297	298	1
297	689	1
297	392	1
298	366	1
298	607	1
298	348	1
298	1154	1
298	1182	1
298	874	1
298	1513	1
298	1608	1
298	1609	1
298	1633	1
298	875	1
298	1668	1
298	500	1
298	904	1
298	377	1
298	1022	1
298	1128	1
298	1589	1
298	842	1
298	2256	1
298	2332	1
298	1535	1
298	2411	1
298	2474	1
298	932	1
299	300	1
299	868	1
300	582	1
300	848	1
300	868	1
300	581	1
301	302	1
301	308	1
302	423	1
303	304	1
303	881	1
303	628	1
304	632	1
305	622	1
306	307	1
307	363	1
307	322	1
307	876	1
308	470	1
308	1066	1
308	1181	1
308	1577	1
309	504	1
309	948	1
309	1667	1
309	415	1
309	395	1
309	880	1
309	1698	1
309	764	1
309	1651	1
309	2401	1
310	311	1
310	568	1
310	1217	1
310	1577	1
312	493	1
312	596	1
312	641	1
312	748	1
312	1074	1
312	594	1
312	998	1
312	638	1
312	541	1
312	415	1
312	580	1
312	337	1
312	500	1
312	1119	1
312	567	1
312	1181	1
312	1029	1
312	1097	1
313	1361	1
313	779	1
315	316	1
315	327	1
316	640	1
316	1259	1
316	1287	1
316	882	1
316	1423	1
316	1404	1
316	1032	1
316	725	1
316	1697	1
316	327	1
318	319	1
320	1865	1
321	322	1
321	346	1
321	545	1
321	548	1
321	1624	1
321	2096	1
321	1629	1
321	1992	1
322	545	1
323	836	1
324	325	1
324	1233	1
325	1082	1
326	802	1
326	2151	1
326	2011	1
327	725	1
327	1032	1
327	640	1
328	1168	1
328	662	1
329	849	1
329	673	1
330	638	1
330	1231	1
330	472	1
330	1648	1
330	629	1
331	332	1
333	334	1
333	673	1
333	711	1
334	784	1
334	711	1
334	624	1
335	336	1
335	747	1
336	815	1
337	338	1
337	436	1
337	756	1
337	568	1
337	1110	1
337	1701	1
337	414	1
338	617	1
339	340	1
339	1250	1
340	608	1
340	362	1
340	1001	1
340	1118	1
340	1229	1
340	1410	1
340	1414	1
340	451	1
340	634	1
340	947	1
340	849	1
340	2076	1
340	844	1
340	2318	1
340	531	1
341	935	1
341	842	1
341	435	1
342	343	1
343	430	1
343	669	1
344	345	1
344	978	1
344	1120	1
344	1187	1
344	1128	1
346	1629	1
346	548	1
346	1992	1
346	1624	1
347	348	1
347	358	1
347	734	1
347	840	1
347	570	1
347	756	1
347	1130	1
347	1270	1
347	1336	1
347	776	1
347	1826	1
347	1905	1
347	1959	1
347	1961	1
347	1965	1
347	527	1
347	361	1
347	2180	1
347	1165	1
348	464	1
348	397	1
348	938	1
348	505	1
348	940	1
348	1408	1
348	684	1
348	373	1
349	350	1
349	448	1
349	624	1
350	448	1
350	624	1
351	352	1
351	1206	1
351	1278	1
351	1282	1
352	1282	1
353	354	1
354	894	1
354	592	1
354	2084	1
355	547	1
355	980	1
355	1089	1
355	1183	1
355	1398	1
355	1474	1
355	1291	1
355	1883	1
355	1104	1
355	2368	1
356	357	1
357	408	1
357	734	1
357	1342	1
357	2413	1
357	2459	1
359	360	1
360	388	1
362	668	1
362	1978	1
362	1211	1
363	669	1
363	736	1
363	630	1
363	1321	1
363	1155	1
363	932	1
363	2060	1
363	1084	1
363	1087	1
363	733	1
363	1190	1
363	2076	1
364	365	1
365	602	1
365	1719	1
365	767	1
365	642	1
366	367	1
366	710	1
366	991	1
366	392	1
366	614	1
366	1428	1
366	1535	1
366	1539	1
366	1673	1
366	874	1
366	378	1
366	1824	1
366	406	1
366	875	1
366	853	1
366	1935	1
366	994	1
366	1942	1
366	377	1
366	2361	1
366	842	1
366	409	1
366	470	1
366	1189	1
366	724	1
367	1539	1
367	483	1
368	687	1
368	721	1
368	914	1
368	779	1
368	1855	1
368	2186	1
368	2038	1
368	2408	1
369	841	1
370	371	1
372	373	1
372	1617	1
372	884	1
372	1980	1
372	937	1
372	1566	1
374	375	1
374	418	1
374	1315	1
374	2232	1
376	576	1
376	642	1
376	1129	1
376	1520	1
376	1234	1
376	1500	1
376	714	1
377	378	1
377	875	1
377	1569	1
377	605	1
377	406	1
377	874	1
379	380	1
379	445	1
379	735	1
379	444	1
380	444	1
380	739	1
380	833	1
380	926	1
380	1213	1
380	1868	1
380	1901	1
380	2097	1
380	763	1
380	1492	1
380	491	1
380	2388	1
380	445	1
381	525	1
381	446	1
381	536	1
381	1634	1
382	383	1
382	463	1
382	398	1
383	398	1
383	463	1
384	414	1
385	386	1
387	388	1
387	441	1
387	1252	1
387	1750	1
387	2229	1
388	1348	1
388	1273	1
388	2449	1
390	391	1
390	2309	1
391	874	1
391	799	1
391	2103	1
392	528	1
393	1485	1
393	453	1
393	675	1
393	429	1
393	681	1
394	395	1
394	1518	1
395	862	1
395	1296	1
395	2209	1
396	499	1
396	1892	1
396	848	1
397	936	1
397	473	1
398	463	1
400	401	1
401	1086	1
401	1512	1
401	1122	1
402	403	1
402	582	1
402	1400	1
402	1401	1
403	582	1
405	806	1
405	1450	1
405	1661	1
405	1764	1
405	2023	1
406	407	1
406	644	1
406	839	1
406	605	1
406	1935	1
406	2032	1
406	496	1
406	874	1
407	603	1
408	884	1
408	1536	1
408	916	1
408	1886	1
408	1766	1
408	2265	1
408	977	1
408	691	1
408	763	1
409	410	1
409	861	1
409	937	1
409	1198	1
409	1495	1
409	492	1
409	1522	1
409	717	1
409	554	1
411	412	1
411	835	1
411	1355	1
411	763	1
411	1648	1
411	901	1
412	630	1
412	1383	1
412	1022	1
412	481	1
413	715	1
413	1319	1
414	415	1
414	978	1
414	1097	1
414	641	1
414	457	1
414	558	1
414	567	1
414	1760	1
414	764	1
414	500	1
414	661	1
414	776	1
416	417	1
416	1021	1
417	810	1
417	1021	1
417	1128	1
417	1147	1
418	419	1
418	889	1
418	627	1
418	1308	1
418	1964	1
418	1767	1
418	803	1
418	1498	1
418	1075	1
419	785	1
419	421	1
419	863	1
420	421	1
423	1142	1
423	2194	1
424	425	1
424	1375	1
424	1660	1
424	498	1
424	546	1
425	546	1
425	1375	1
425	498	1
425	1660	1
426	427	1
426	974	1
426	1007	1
426	1112	1
428	429	1
429	1254	1
429	674	1
429	2345	1
429	1922	1
431	432	1
431	658	1
433	434	1
433	435	1
434	1111	1
434	1659	1
434	1343	1
434	2133	1
435	1192	1
435	940	1
436	1216	1
438	1876	1
439	440	1
440	648	1
440	1131	1
440	763	1
440	682	1
440	565	1
441	1507	1
441	1613	1
441	2368	1
443	627	1
443	708	1
444	445	1
444	735	1
445	735	1
446	1198	1
447	448	1
447	603	1
448	692	1
448	624	1
448	2260	1
449	460	1
449	1048	1
449	551	1
450	451	1
450	956	1
452	453	1
453	466	1
453	1052	1
454	862	1
454	1827	1
457	481	1
457	1567	1
457	1739	1
457	538	1
457	2347	1
458	459	1
458	760	1
458	1580	1
458	742	1
458	708	1
459	1862	1
460	506	1
460	541	1
460	551	1
460	1653	1
461	462	1
462	829	1
468	1421	1
470	586	1
470	1078	1
470	1083	1
470	2338	1
470	2364	1
470	2003	1
470	2281	1
471	472	1
471	614	1
471	606	1
472	564	1
472	606	1
472	629	1
473	474	1
473	829	1
473	1888	1
474	1308	1
475	476	1
475	1119	1
475	1230	1
475	2214	1
475	2304	1
475	2331	1
475	2460	1
477	613	1
479	480	1
479	827	1
479	1015	1
479	1439	1
479	1728	1
479	954	1
479	2398	1
481	603	1
481	1012	1
481	987	1
481	879	1
481	1280	1
481	1314	1
481	1326	1
481	1379	1
481	1557	1
481	1047	1
481	567	1
481	594	1
481	764	1
481	500	1
481	655	1
481	1148	1
481	611	1
481	580	1
482	483	1
482	1189	1
482	1033	1
483	724	1
483	1033	1
483	1189	1
484	485	1
485	679	1
486	487	1
486	1555	1
486	1686	1
486	2283	1
487	1687	1
487	2344	1
488	489	1
488	1154	1
489	1237	1
489	509	1
489	1263	1
489	1866	1
489	2038	1
489	1266	1
489	1154	1
490	491	1
491	1242	1
491	1775	1
492	1299	1
494	495	1
495	953	1
496	497	1
496	1090	1
496	562	1
496	552	1
496	1350	1
496	2121	1
496	2061	1
498	499	1
498	699	1
498	1660	1
498	2192	1
498	2247	1
500	568	1
500	1197	1
500	1739	1
500	599	1
500	843	1
501	502	1
501	1941	1
502	2259	1
503	562	1
505	1193	1
505	620	1
505	755	1
505	509	1
505	1319	1
507	699	1
508	1593	1
508	871	1
508	870	1
508	2399	1
509	510	1
509	703	1
509	859	1
509	2081	1
509	1944	1
510	637	1
510	600	1
510	865	1
510	1738	1
510	914	1
511	512	1
511	1427	1
511	1769	1
511	1017	1
512	1017	1
512	2224	1
513	514	1
513	1490	1
513	1517	1
514	1927	1
515	516	1
517	518	1
518	1488	1
519	520	1
520	570	1
521	712	1
521	1823	1
521	549	1
522	1023	1
523	524	1
525	895	1
526	527	1
526	618	1
526	2172	1
526	1780	1
527	743	1
527	1233	1
527	888	1
527	2160	1
527	1627	1
530	531	1
531	774	1
531	1206	1
531	736	1
531	1088	1
531	1321	1
531	947	1
531	2406	1
531	1111	1
531	2476	1
532	1269	1
534	535	1
534	1627	1
535	1527	1
535	1627	1
536	537	1
536	1774	1
536	1412	1
537	567	1
537	638	1
538	539	1
539	1261	1
539	1754	1
541	1071	1
543	544	1
544	597	1
545	627	1
546	575	1
546	1375	1
547	1195	1
547	1783	1
547	1981	1
549	712	1
550	597	1
550	615	1
550	724	1
550	661	1
551	552	1
552	1172	1
552	1844	1
553	554	1
554	987	1
554	1469	1
554	1477	1
555	556	1
557	558	1
557	1200	1
557	1953	1
557	2337	1
557	1391	1
559	560	1
559	813	1
559	697	1
559	2375	1
559	698	1
560	697	1
560	1821	1
560	698	1
561	2089	1
562	644	1
562	1084	1
562	591	1
562	1732	1
562	649	1
562	1440	1
562	839	1
564	614	1
564	622	1
564	1037	1
564	1166	1
564	1331	1
564	629	1
564	1551	1
564	606	1
565	1018	1
565	869	1
567	568	1
567	843	1
568	808	1
568	990	1
568	594	1
568	831	1
568	641	1
568	1379	1
568	1309	1
568	655	1
568	998	1
568	580	1
568	1280	1
568	1148	1
568	2466	1
569	570	1
570	793	1
570	891	1
570	1605	1
570	683	1
570	732	1
570	1334	1
570	1999	1
571	572	1
571	1500	1
571	595	1
571	714	1
572	603	1
572	834	1
572	1187	1
572	1261	1
572	1511	1
572	813	1
572	1574	1
572	1671	1
572	982	1
572	2069	1
572	1163	1
572	2345	1
573	574	1
573	1405	1
573	757	1
576	715	1
576	1187	1
577	1444	1
577	2212	1
578	579	1
581	582	1
582	1160	1
582	848	1
582	868	1
583	584	1
583	1426	1
584	1426	1
584	1736	1
584	1735	1
585	1276	1
585	1682	1
585	1081	1
585	2363	1
586	1274	1
586	928	1
588	1414	1
589	590	1
590	1231	1
591	592	1
591	1378	1
591	1707	1
591	894	1
591	1558	1
591	2115	1
591	1937	1
593	594	1
593	1004	1
594	1217	1
594	1592	1
595	1441	1
599	755	1
599	1768	1
599	673	1
599	1190	1
599	1871	1
601	1974	1
602	1294	1
602	1914	1
602	1053	1
602	2222	1
603	604	1
603	820	1
603	866	1
603	1180	1
603	1486	1
603	1498	1
603	1500	1
603	1675	1
603	2376	1
605	606	1
605	1551	1
606	1166	1
606	1546	1
606	629	1
606	622	1
606	2455	1
606	1551	1
607	626	1
608	2120	1
609	610	1
609	829	1
610	661	1
611	1656	1
611	1885	1
611	719	1
611	1084	1
612	613	1
612	938	1
612	1140	1
613	938	1
614	1446	1
614	1551	1
614	967	1
615	965	1
615	1804	1
615	2362	1
616	617	1
616	816	1
616	832	1
617	787	1
618	619	1
618	1188	1
619	1023	1
619	1188	1
620	1009	1
620	993	1
620	1956	1
623	624	1
624	711	1
624	633	1
625	628	1
625	1682	1
625	1614	1
628	1081	1
628	632	1
629	967	1
629	2462	1
630	1989	1
631	843	1
633	786	1
634	2421	1
634	838	1
634	2236	1
635	636	1
635	740	1
635	2295	1
636	646	1
636	702	1
636	1072	1
636	1169	1
636	1281	1
636	1327	1
636	1402	1
636	1455	1
636	1465	1
636	1479	1
636	1481	1
636	1607	1
636	1460	1
636	1008	1
636	971	1
636	1900	1
636	1227	1
636	2003	1
636	2065	1
636	1419	1
636	2141	1
636	776	1
636	2393	1
636	1828	1
638	639	1
638	852	1
638	1571	1
638	1328	1
638	1004	1
638	1384	1
638	690	1
639	1201	1
639	1822	1
639	2112	1
639	824	1
640	1032	1
640	1423	1
640	725	1
641	843	1
642	643	1
642	908	1
642	1488	1
642	1669	1
642	1611	1
642	1416	1
642	919	1
642	2343	1
642	2426	1
644	862	1
644	1730	1
644	718	1
645	1104	1
645	1746	1
645	1089	1
646	1215	1
646	1290	1
648	1381	1
649	1441	1
649	907	1
650	651	1
653	654	1
656	657	1
657	826	1
657	1971	1
657	1026	1
658	1643	1
658	1841	1
658	1140	1
660	661	1
661	663	1
661	911	1
661	1370	1
661	1763	1
661	1910	1
661	2002	1
661	2047	1
661	1843	1
665	666	1
665	1002	1
665	1243	1
666	1920	1
666	2170	1
668	844	1
668	1581	1
668	1677	1
668	1995	1
668	2004	1
669	1273	1
670	1079	1
670	710	1
670	1083	1
670	1269	1
671	672	1
673	987	1
674	675	1
674	681	1
675	1792	1
675	1981	1
676	1265	1
676	2082	1
677	1331	1
679	680	1
680	1559	1
680	1071	1
681	1643	1
681	1254	1
682	701	1
682	1221	1
682	1568	1
682	1852	1
682	1838	1
682	1796	1
683	1231	1
683	1754	1
683	1773	1
684	1581	1
684	993	1
685	686	1
685	1266	1
689	1061	1
690	852	1
690	1384	1
690	1328	1
690	812	1
691	763	1
691	1602	1
692	1000	1
692	1022	1
692	2385	1
693	694	1
693	803	1
696	739	1
696	1202	1
697	698	1
699	700	1
699	1145	1
701	1891	1
701	1951	1
702	1395	1
702	847	1
702	1462	1
702	895	1
703	704	1
703	710	1
705	706	1
705	918	1
707	1564	1
707	1120	1
708	709	1
708	865	1
708	1266	1
708	1589	1
708	2443	1
708	1468	1
710	789	1
710	1078	1
710	1269	1
710	853	1
711	784	1
712	966	1
712	1812	1
714	1533	1
714	715	1
714	730	1
715	716	1
715	919	1
715	790	1
716	794	1
718	719	1
718	1134	1
718	1187	1
718	1877	1
718	1956	1
718	1600	1
722	1222	1
722	779	1
722	1733	1
722	2467	1
723	724	1
723	1832	1
723	923	1
724	1440	1
726	727	1
726	966	1
726	942	1
727	835	1
728	729	1
728	829	1
728	1494	1
728	1123	1
730	1159	1
730	1234	1
730	1194	1
731	732	1
731	1154	1
732	1113	1
732	1320	1
732	1453	1
732	1556	1
732	1965	1
733	1677	1
733	1810	1
733	1362	1
733	1883	1
733	2299	1
734	1438	1
734	2425	1
737	1770	1
739	1632	1
739	1666	1
739	1709	1
739	2333	1
741	742	1
741	1116	1
742	1170	1
742	1404	1
742	2052	1
742	2073	1
742	2165	1
742	2244	1
742	2314	1
743	1065	1
744	745	1
745	1152	1
746	1554	1
748	1211	1
748	1026	1
749	750	1
749	1080	1
749	1377	1
749	1466	1
751	752	1
753	1819	1
754	755	1
754	2118	1
755	1216	1
757	758	1
757	1405	1
757	1636	1
758	1606	1
763	869	1
763	1026	1
763	1771	1
763	1602	1
764	1069	1
767	768	1
767	1550	1
767	1848	1
767	1053	1
769	1235	1
770	771	1
772	773	1
775	776	1
775	2119	1
776	2119	1
777	778	1
779	780	1
779	856	1
779	1477	1
779	1969	1
779	1635	1
779	1634	1
779	1073	1
779	2495	1
780	856	1
780	1044	1
781	782	1
782	1855	1
783	1058	1
787	832	1
788	789	1
788	1269	1
788	1078	1
788	1440	1
789	1083	1
789	1269	1
789	1079	1
792	893	1
795	796	1
797	798	1
799	800	1
803	851	1
805	1286	1
805	1285	1
806	807	1
806	1442	1
806	1258	1
806	843	1
806	1776	1
806	1597	1
806	2216	1
806	1190	1
807	940	1
808	2066	1
809	923	1
809	1295	1
809	1710	1
809	1132	1
809	1133	1
811	825	1
811	2049	1
811	2135	1
812	1328	1
812	1714	1
813	814	1
813	1524	1
813	1724	1
813	2237	1
813	2469	1
818	819	1
821	1341	1
823	824	1
824	1208	1
827	1181	1
829	1093	1
829	1177	1
829	1124	1
829	1302	1
829	1781	1
829	1123	1
830	831	1
830	1041	1
831	1784	1
831	1889	1
832	1363	1
834	1500	1
834	1490	1
835	1460	1
835	1464	1
835	1758	1
835	1945	1
835	1953	1
835	2346	1
835	2023	1
835	2389	1
837	838	1
838	1990	1
839	973	1
839	1757	1
839	1473	1
840	1745	1
841	842	1
841	1422	1
841	1019	1
841	1359	1
841	1152	1
841	1683	1
841	1389	1
841	2273	1
841	1914	1
841	2187	1
842	1315	1
842	994	1
842	1935	1
843	2187	1
843	2242	1
843	2450	1
844	1449	1
844	947	1
845	1514	1
845	1018	1
846	847	1
846	895	1
847	987	1
847	894	1
847	2374	1
848	849	1
848	2089	1
849	1309	1
849	1361	1
849	1369	1
849	2219	1
850	1846	1
851	863	1
852	1328	1
852	1384	1
854	855	1
855	1801	1
855	2296	1
855	2322	1
856	857	1
856	2351	1
857	1307	1
859	860	1
859	2254	1
862	941	1
862	1408	1
862	1760	1
862	1926	1
862	1982	1
862	2116	1
862	1667	1
863	1642	1
863	1308	1
863	2046	1
863	2409	1
870	871	1
874	875	1
874	926	1
874	1756	1
874	1154	1
875	1277	1
875	1440	1
875	1337	1
875	967	1
875	1863	1
875	2039	1
877	878	1
877	1050	1
879	880	1
880	1347	1
882	1427	1
882	1553	1
882	1697	1
884	1637	1
884	1803	1
884	1972	1
884	2473	1
885	886	1
888	1986	1
890	1987	1
891	892	1
891	1556	1
891	1833	1
893	2083	1
893	1679	1
894	895	1
895	1840	1
895	987	1
895	2018	1
895	2374	1
896	897	1
899	900	1
902	903	1
902	2232	1
905	1809	1
908	1648	1
908	942	1
909	910	1
910	1204	1
912	913	1
915	916	1
916	1332	1
917	918	1
920	1571	1
922	923	1
923	1295	1
924	925	1
926	1366	1
926	1128	1
927	928	1
930	931	1
931	1016	1
932	1478	1
932	1883	1
932	1143	1
933	934	1
933	1380	1
934	1143	1
934	964	1
936	972	1
936	1151	1
938	939	1
939	940	1
940	1367	1
942	1127	1
942	1895	1
943	944	1
944	2064	1
945	946	1
945	1517	1
945	1578	1
945	1409	1
945	1810	1
947	948	1
947	1001	1
947	1458	1
947	1592	1
947	1118	1
948	1279	1
948	1776	1
950	951	1
953	954	1
953	1148	1
956	957	1
959	960	1
961	962	1
962	2491	1
963	964	1
963	1587	1
963	2287	1
964	1298	1
964	1350	1
964	2287	1
966	1812	1
968	994	1
969	970	1
971	1391	1
972	1151	1
974	975	1
975	1204	1
975	1245	1
976	977	1
976	1144	1
976	2153	1
978	2269	1
978	1369	1
982	983	1
982	992	1
983	1333	1
984	985	1
986	987	1
987	1588	1
992	993	1
992	1336	1
992	2432	1
993	1117	1
994	1033	1
995	1665	1
995	2058	1
995	2117	1
996	997	1
996	1848	1
996	1772	1
997	1412	1
998	1299	1
999	1893	1
1000	1702	1
1001	1933	1
1001	1950	1
1001	1430	1
1001	2410	1
1002	1003	1
1002	1920	1
1002	1676	1
1002	1243	1
1005	1006	1
1007	1008	1
1010	1011	1
1011	2277	1
1011	2311	1
1012	1114	1
1012	1672	1
1012	1663	1
1012	1443	1
1016	1063	1
1016	1802	1
1016	1292	1
1016	2415	1
1017	2489	1
1019	1020	1
1022	1023	1
1022	1034	1
1022	1383	1
1023	1188	1
1024	1025	1
1026	1422	1
1027	1028	1
1028	2351	1
1029	1515	1
1033	1189	1
1035	1036	1
1036	1504	1
1038	1445	1
1039	1040	1
1041	1042	1
1041	1253	1
1041	1435	1
1041	1456	1
1043	1044	1
1045	1046	1
1045	1845	1
1045	1767	1
1046	1767	1
1046	2243	1
1047	1488	1
1048	1049	1
1048	1088	1
1049	1184	1
1053	1488	1
1055	1056	1
1059	1060	1
1063	1249	1
1064	1065	1
1065	1805	1
1067	1068	1
1067	1293	1
1068	1560	1
1068	2457	1
1069	1967	1
1069	1561	1
1070	1071	1
1070	1721	1
1070	1873	1
1071	1206	1
1071	1721	1
1073	1186	1
1073	1477	1
1073	1478	1
1075	1136	1
1075	1519	1
1075	1697	1
1075	1963	1
1075	2403	1
1078	1079	1
1078	1269	1
1078	2240	1
1078	1083	1
1079	1219	1
1079	1171	1
1081	1266	1
1081	1682	1
1081	1276	1
1081	2246	1
1081	1409	1
1083	1269	1
1084	1844	1
1085	1086	1
1087	1672	1
1090	2400	1
1091	1092	1
1093	1123	1
1093	1494	1
1093	2045	1
1093	1124	1
1094	1095	1
1097	1752	1
1097	1691	1
1098	1099	1
1100	1101	1
1101	2477	1
1102	1103	1
1105	1106	1
1105	1475	1
1106	1480	1
1106	2088	1
1106	2328	1
1107	1108	1
1107	1519	1
1112	1540	1
1112	1970	1
1112	2251	1
1112	2482	1
1113	1248	1
1113	1154	1
1115	1116	1
1115	1487	1
1115	1404	1
1116	1800	1
1116	1291	1
1116	1964	1
1116	1450	1
1116	1404	1
1121	1122	1
1121	1256	1
1121	1703	1
1123	1124	1
1124	1494	1
1124	2045	1
1127	2452	1
1128	1207	1
1128	2173	1
1128	2148	1
1132	1133	1
1132	1295	1
1132	1755	1
1133	1295	1
1134	1135	1
1137	1138	1
1139	1140	1
1139	1856	1
1139	2155	1
1139	2110	1
1140	1554	1
1140	1171	1
1141	1142	1
1141	1399	1
1143	1478	1
1143	2132	1
1144	2028	1
1145	1146	1
1147	1148	1
1148	1459	1
1149	1150	1
1151	1209	1
1151	1682	1
1152	1983	1
1154	1652	1
1154	1968	1
1155	1156	1
1155	1179	1
1156	1179	1
1156	2215	1
1156	2461	1
1157	1158	1
1159	1226	1
1160	2276	1
1161	1162	1
1162	1240	1
1162	1753	1
1163	1164	1
1163	1381	1
1163	1692	1
1164	1381	1
1164	1692	1
1166	1546	1
1166	1551	1
1171	2039	1
1171	1309	1
1173	1174	1
1174	1936	1
1175	1176	1
1177	1962	1
1181	1330	1
1183	1527	1
1183	1960	1
1183	2272	1
1184	1185	1
1184	1415	1
1185	2079	1
1187	1194	1
1187	1570	1
1187	1419	1
1187	1805	1
1187	2016	1
1199	1200	1
1199	1441	1
1202	1203	1
1202	1709	1
1206	2217	1
1206	2398	1
1211	1528	1
1212	1213	1
1212	2218	1
1213	2092	1
1213	2009	1
1215	1290	1
1217	1218	1
1218	1490	1
1219	1269	1
1220	1221	1
1223	1224	1
1223	1813	1
1227	1607	1
1228	1229	1
1228	1594	1
1229	1433	1
1230	1915	1
1233	1828	1
1236	1592	1
1238	1239	1
1239	1724	1
1240	2320	1
1241	1390	1
1243	1676	1
1243	1920	1
1243	1919	1
1244	1543	1
1246	1247	1
1249	1508	1
1251	1951	1
1252	1750	1
1254	1912	1
1255	1463	1
1259	2053	1
1259	1916	1
1262	1263	1
1264	1265	1
1267	1268	1
1271	1272	1
1277	1663	1
1277	1861	1
1277	1838	1
1277	1953	1
1279	1317	1
1280	2239	1
1281	1754	1
1285	1286	1
1285	1342	1
1292	1678	1
1295	2168	1
1295	1710	1
1296	1297	1
1299	2020	1
1303	1304	1
1305	1306	1
1308	1390	1
1308	1411	1
1308	1329	1
1308	1430	1
1310	1311	1
1311	2223	1
1312	1313	1
1312	1867	1
1316	1317	1
1317	2258	1
1318	1319	1
1318	2068	1
1318	1634	1
1319	1433	1
1319	1956	1
1321	2063	1
1322	1323	1
1328	1384	1
1329	1330	1
1332	1882	1
1337	1673	1
1338	1339	1
1338	1966	1
1339	1966	1
1341	1342	1
1341	1977	1
1344	1345	1
1346	1673	1
1349	1350	1
1349	1859	1
1350	1529	1
1352	1353	1
1353	1731	1
1353	2371	1
1354	1776	1
1357	1358	1
1359	1360	1
1361	2189	1
1362	2210	1
1363	1939	1
1364	1365	1
1364	1775	1
1368	1369	1
1369	2010	1
1369	2100	1
1371	1372	1
1372	1420	1
1372	1612	1
1372	2197	1
1373	1374	1
1377	1504	1
1377	2098	1
1377	2184	1
1381	1692	1
1383	1673	1
1385	1386	1
1388	1389	1
1390	1770	1
1392	1393	1
1394	1648	1
1396	1397	1
1400	1401	1
1411	1586	1
1411	2042	1
1411	2204	1
1419	1614	1
1424	1425	1
1427	2053	1
1436	1437	1
1440	1906	1
1448	1449	1
1453	1898	1
1454	2127	1
1458	1459	1
1458	1703	1
1458	1950	1
1459	2468	1
1463	1684	1
1469	1708	1
1470	1499	1
1472	1473	1
1473	1764	1
1477	1478	1
1481	2171	1
1483	1484	1
1484	1549	1
1487	2007	1
1487	2264	1
1489	1490	1
1492	1575	1
1496	1497	1
1496	2123	1
1502	1503	1
1509	1510	1
1511	1940	1
1511	2255	1
1515	1516	1
1516	2056	1
1517	1680	1
1517	2397	1
1522	1838	1
1524	2051	1
1525	1526	1
1531	1532	1
1533	1534	1
1535	1600	1
1535	1984	1
1537	1898	1
1541	1542	1
1543	1544	1
1547	1548	1
1547	1934	1
1549	2237	1
1556	1598	1
1558	1751	1
1560	1857	1
1560	1909	1
1560	2128	1
1562	1563	1
1564	1565	1
1564	1692	1
1569	2014	1
1571	1572	1
1571	1579	1
1571	1871	1
1573	1658	1
1575	1817	1
1576	1577	1
1576	1601	1
1577	1601	1
1580	1725	1
1581	1884	1
1582	1583	1
1584	1585	1
1584	1890	1
1589	1590	1
1589	1782	1
1589	2142	1
1589	2220	1
1593	2025	1
1595	1596	1
1597	1761	1
1598	1599	1
1601	1602	1
1606	1636	1
1615	1616	1
1619	1620	1
1621	1622	1
1625	1715	1
1625	1907	1
1626	1627	1
1626	1921	1
1627	1897	1
1628	1634	1
1630	1631	1
1634	1635	1
1634	2096	1
1637	1638	1
1638	2044	1
1642	1654	1
1644	1645	1
1645	2164	1
1646	1647	1
1647	2130	1
1647	2003	1
1648	2037	1
1648	2392	1
1650	1651	1
1656	1657	1
1656	1671	1
1663	1764	1
1665	1683	1
1665	2435	1
1671	1991	1
1673	2253	1
1680	1715	1
1685	1733	1
1688	1689	1
1690	1691	1
1692	1937	1
1693	1694	1
1704	1705	1
1705	2063	1
1708	2430	1
1711	1729	1
1712	1713	1
1713	1744	1
1718	1719	1
1720	1721	1
1720	2013	1
1721	2312	1
1722	1723	1
1733	1734	1
1733	2188	1
1735	1736	1
1736	2301	1
1737	2300	1
1739	2391	1
1741	1742	1
1741	1759	1
1741	1977	1
1742	1977	1
1748	1749	1
1754	2022	1
1754	2044	1
1754	2313	1
1754	2451	1
1756	1944	1
1764	2427	1
1765	1766	1
1766	1813	1
1770	1925	1
1770	2202	1
1772	1773	1
1772	2420	1
1773	2315	1
1778	1779	1
1781	1848	1
1783	1873	1
1785	1818	1
1786	1787	1
1788	1789	1
1790	1791	1
1790	2190	1
1796	1797	1
1796	2501	1
1807	1808	1
1808	2394	1
1810	2025	1
1820	1821	1
1823	1993	1
1824	1935	1
1829	2125	1
1829	2156	1
1830	1831	1
1834	1835	1
1835	1917	1
1835	2095	1
1836	1837	1
1842	1843	1
1843	2478	1
1844	2061	1
1846	2479	1
1848	2023	1
1848	2081	1
1850	1851	1
1853	1854	1
1867	2071	1
1869	1870	1
1871	2187	1
1872	1873	1
1875	2421	1
1876	1904	1
1876	2441	1
1878	1879	1
1881	1882	1
1886	2122	1
1888	2136	1
1902	1903	1
1912	1913	1
1919	1920	1
1925	2202	1
1930	1931	1
1930	2274	1
1937	2159	1
1941	2104	1
1943	1944	1
1944	2169	1
1944	2429	1
1945	2386	1
1946	1947	1
1948	1949	1
1954	1955	1
1958	2172	1
1964	2483	1
1972	1973	1
1975	1976	1
1993	2025	1
1993	2145	1
2000	2001	1
2004	2005	1
2008	2009	1
2011	2012	1
2016	2143	1
2026	2027	1
2028	2428	1
2035	2036	1
2049	2190	1
2053	2054	1
2071	2249	1
2074	2075	1
2077	2078	1
2079	2080	1
2093	2094	1
2096	2448	1
2106	2107	1
2106	2271	1
2109	2110	1
2110	2155	1
2113	2114	1
2117	2124	1
2118	2390	1
2120	2285	1
2130	2131	1
2132	2236	1
2132	2329	1
2147	2148	1
2162	2163	1
2166	2167	1
2166	2369	1
2174	2175	1
2177	2178	1
2180	2181	1
2195	2196	1
2199	2200	1
2199	2387	1
2225	2226	1
2227	2228	1
2253	2407	1
2261	2262	1
2267	2268	1
2278	2279	1
2281	2282	1
2289	2433	1
2292	2293	1
2297	2298	1
2302	2303	1
2305	2306	1
2307	2308	1
2316	2317	1
2323	2324	1
2325	2326	1
2335	2336	1
2336	2480	1
2339	2340	1
2341	2342	1
2349	2350	1
2352	2353	1
2357	2358	1
2377	2378	1
2380	2381	1
2383	2384	1
2437	2438	1
2445	2446	1
2464	2465	1
2485	2486	1
2492	2493	1
2497	2498	1
2499	2500	1
198	941	0
198	921	0
198	326	0
198	577	0
198	1515	0
198	2329	0
198	1653	0
198	1688	0
198	57	0
198	1270	0
198	543	0
1219	2372	0
1219	1982	0
38	521	0
38	815	0
38	1247	0
38	923	0
38	253	0
38	1755	0
38	857	0
38	2127	0
38	1109	0
38	2270	0
38	173	0
931	233	0
931	100	0
931	990	0
931	1516	0
931	1043	0
931	906	0
724	1270	0
724	313	0
724	655	0
724	436	0
62	2124	0
62	1582	0
62	1361	0
62	1915	0
62	2117	0
62	1490	0
62	1696	0
1440	693	0
1440	921	0
1440	1745	0
1440	2372	0
1440	313	0
1440	2343	0
693	2212	0
693	1553	0
693	1795	0
693	874	0
693	1262	0
693	960	0
693	1166	0
693	1246	0
693	2086	0
693	1978	0
693	899	0
693	197	0
693	494	0
693	1085	0
197	1009	0
197	1537	0
197	1924	0
197	2300	0
197	1260	0
1009	318	0
1009	1328	0
1009	392	0
1009	243	0
1009	330	0
1009	1863	0
1009	200	0
1009	1755	0
1009	601	0
1009	789	0
1009	1765	0
1009	2285	0
1009	1003	0
1009	131	0
1009	945	0
1009	1625	0
1009	1544	0
601	2469	0
601	2171	0
601	2000	0
601	2034	0
601	1857	0
601	1860	0
1546	436	0
1546	569	0
1546	213	0
1546	2339	0
1546	822	0
1546	462	0
1546	1915	0
1546	1754	0
1546	1505	0
1546	2171	0
1546	1378	0
1546	2060	0
1593	136	0
1593	1052	0
1593	2475	0
1593	822	0
1593	519	0
1593	1228	0
1593	2303	0
1593	2348	0
136	532	0
136	670	0
136	1823	0
136	899	0
136	392	0
136	44	0
136	796	0
136	923	0
136	2103	0
136	1647	0
136	2468	0
136	1865	0
136	850	0
136	1423	0
741	1170	0
741	2314	0
741	2466	0
741	1404	0
741	944	0
1170	2466	0
1170	1404	0
1170	2314	0
1170	1115	0
1170	2075	0
1927	840	0
1927	501	0
1927	551	0
1927	2000	0
1927	2242	0
840	2397	0
840	1102	0
840	1715	0
840	1823	0
840	2032	0
840	1553	0
840	1451	0
840	2449	0
1181	2076	0
1181	2469	0
1133	462	0
1133	492	0
1133	2117	0
1133	2012	0
1133	455	0
1133	1228	0
1133	650	0
1133	1488	0
2282	1287	0
2282	330	0
2282	1083	0
2282	952	0
2282	75	0
2282	472	0
2282	606	0
2282	242	0
2282	1004	0
2282	1948	0
2282	1971	0
229	1999	0
229	2124	0
229	1653	0
229	455	0
229	493	0
229	2006	0
229	719	0
229	1212	0
229	551	0
1978	462	0
1978	1527	0
1978	2211	0
1863	902	0
1863	569	0
1863	462	0
1863	2187	0
1863	113	0
1863	1721	0
899	436	0
899	941	0
899	1940	0
899	2205	0
899	1039	0
899	1793	0
1287	361	0
1287	213	0
1287	2300	0
1287	18	0
1287	192	0
1287	1818	0
1287	1270	0
1287	2399	0
1287	2194	0
1287	2030	0
1287	2403	0
1287	1957	0
1287	1223	0
1287	1051	0
994	551	0
994	361	0
994	1858	0
994	1052	0
994	462	0
1004	2171	0
1004	2339	0
1004	501	0
1004	1689	0
1004	1982	0
1004	1251	0
1004	941	0
1004	233	0
1004	1531	0
1004	898	0
1004	46	0
1004	2041	0
521	1999	0
521	313	0
521	2300	0
521	1361	0
521	121	0
521	1858	0
521	1617	0
521	2070	0
1999	1247	0
1999	85	0
1999	871	0
1999	942	0
1999	2130	0
1999	2269	0
1999	1188	0
1999	1270	0
1871	2212	0
1871	2086	0
1871	1016	0
1871	923	0
1871	1328	0
1871	301	0
1871	196	0
1871	253	0
1871	2269	0
2212	192	0
2212	1887	0
2212	1886	0
2212	1322	0
2212	2134	0
192	253	0
192	105	0
192	723	0
192	563	0
192	2269	0
192	1016	0
192	2397	0
192	1968	0
192	1946	0
192	648	0
192	2325	0
557	1228	0
557	326	0
557	18	0
44	1818	0
44	2076	0
44	1858	0
44	1982	0
44	2372	0
44	440	0
1818	536	0
1818	1509	0
1818	1132	0
1818	971	0
1818	723	0
1818	1204	0
1818	184	0
1818	1551	0
1818	2468	0
1818	1935	0
1818	1740	0
1818	2209	0
1818	110	0
1818	1242	0
1270	199	0
1270	2168	0
1270	109	0
1270	2101	0
1270	2346	0
1270	1031	0
1270	2131	0
1270	1340	0
1270	856	0
1270	437	0
1270	1137	0
1270	2164	0
1270	2407	0
1270	621	0
670	2360	0
670	1745	0
670	1422	0
670	2163	0
670	1741	0
2360	343	0
2360	1765	0
2360	1802	0
2360	2468	0
2360	532	0
2360	406	0
2360	2101	0
2360	799	0
2360	1545	0
2360	1254	0
242	1251	0
242	1011	0
242	761	0
242	113	0
242	1785	0
242	492	0
242	1260	0
242	501	0
1251	1836	0
1251	85	0
1251	690	0
1251	196	0
1251	1346	0
1251	1970	0
1251	886	0
1251	787	0
1648	1505	0
1648	313	0
1648	902	0
1648	2085	0
1505	745	0
1505	2130	0
1505	952	0
1505	1929	0
1505	2221	0
1505	2286	0
1505	2287	0
1505	1489	0
2330	313	0
2330	902	0
2330	1582	0
2330	1515	0
1262	2372	0
1262	577	0
1262	1754	0
1262	1052	0
1262	2339	0
1262	1785	0
1262	440	0
1262	495	0
1262	1300	0
1260	968	0
1260	378	0
1260	1683	0
1260	391	0
1260	157	0
1260	638	0
1260	923	0
1260	971	0
1260	2130	0
1260	1657	0
1260	2032	0
1260	1286	0
1260	2381	0
1260	2358	0
67	2475	0
67	113	0
67	1169	0
519	1795	0
519	1446	0
519	2468	0
519	942	0
519	629	0
519	1836	0
519	2452	0
519	1799	0
519	360	0
519	1250	0
2117	2452	0
2117	747	0
2117	76	0
2117	249	0
2117	564	0
2117	604	0
2117	1695	0
2117	2270	0
2117	1553	0
2117	1249	0
2117	314	0
2117	1016	0
2117	366	0
2117	2346	0
2117	1165	0
2117	1400	0
2117	515	0
712	1688	0
712	2034	0
712	218	0
712	822	0
712	11	0
298	990	0
298	1890	0
298	2329	0
2031	2012	0
2031	1924	0
2031	2475	0
2031	1052	0
2031	709	0
2031	2269	0
2372	43	0
2372	1032	0
2372	604	0
2372	698	0
2372	1877	0
2372	920	0
2372	606	0
2372	1836	0
2372	472	0
2372	562	0
2372	1356	0
2372	340	0
2372	398	0
2372	216	0
1016	501	0
1016	1653	0
1016	218	0
1016	1516	0
1016	221	0
1016	952	0
1016	1854	0
1510	1052	0
1510	18	0
1510	462	0
1510	577	0
1510	333	0
1510	1491	0
1510	918	0
1510	1602	0
1551	1924	0
1551	113	0
1551	1982	0
1551	1422	0
1551	2124	0
1551	2187	0
1551	2152	0
1551	2063	0
1551	2252	0
1924	196	0
1924	1079	0
1924	1695	0
1924	1083	0
1924	253	0
1924	1837	0
1924	53	0
1924	1794	0
1924	2057	0
178	960	0
178	1890	0
178	218	0
178	2124	0
178	662	0
1035	1858	0
1035	1890	0
1035	719	0
1035	822	0
1035	1576	0
1035	2220	0
1035	1521	0
1035	495	0
1824	2329	0
1824	2263	0
1824	233	0
1824	2339	0
1824	2171	0
1811	1785	0
1811	412	0
1811	83	0
1811	500	0
1811	655	0
1811	1970	0
1811	930	0
1811	2229	0
1785	243	0
1785	1247	0
1785	378	0
1785	406	0
1785	1706	0
1785	1079	0
1785	1639	0
1785	744	0
1785	1662	0
1785	1866	0
313	1755	0
313	1683	0
313	1715	0
1837	213	0
1837	2124	0
1837	500	0
1837	761	0
1837	2367	0
1837	944	0
1837	1103	0
1837	2264	0
1837	334	0
113	1032	0
113	1166	0
113	2072	0
113	1246	0
690	1212	0
690	24	0
690	1228	0
690	1689	0
690	1982	0
690	233	0
690	452	0
2127	869	0
2127	990	0
2127	1858	0
2127	1212	0
2127	1403	0
2127	46	0
2127	1948	0
1858	747	0
1858	1023	0
1858	109	0
1858	43	0
1858	1807	0
1858	2322	0
968	2414	0
968	2057	0
564	100	0
564	1890	0
564	2034	0
564	57	0
564	2000	0
564	1745	0
789	990	0
789	1361	0
436	920	0
436	199	0
436	629	0
436	471	0
436	423	0
436	1714	0
436	1211	0
436	2210	0
249	508	0
249	2395	0
326	1929	0
326	472	0
326	1033	0
326	109	0
326	1765	0
326	1647	0
326	68	0
326	1249	0
1031	2475	0
1031	2184	0
1031	2015	0
343	129	0
343	500	0
343	100	0
343	2076	0
343	2414	0
2455	412	0
2455	1582	0
2455	2152	0
2455	492	0
2455	655	0
2455	462	0
2455	218	0
2455	2026	0
2455	1415	0
412	1695	0
412	199	0
412	1166	0
412	924	0
2032	2329	0
2032	1011	0
2032	2151	0
2032	399	0
2032	2340	0
1346	1857	0
1346	921	0
1346	1041	0
1346	1269	0
874	1583	0
874	941	0
874	2171	0
874	2414	0
874	221	0
874	24	0
874	2028	0
57	330	0
57	1132	0
292	2414	0
292	569	0
292	233	0
292	1912	0
292	2101	0
253	1378	0
253	1688	0
253	100	0
253	2006	0
253	1878	0
253	232	0
253	1266	0
624	2469	0
624	761	0
624	361	0
624	1212	0
624	221	0
233	2072	0
233	1451	0
233	314	0
233	2413	0
2101	2236	0
2101	2076	0
2101	500	0
2101	902	0
2101	440	0
2101	84	0
2101	656	0
2101	317	0
2101	279	0
2101	1175	0
2101	182	0
2101	1724	0
2236	2403	0
2236	2338	0
2103	1537	0
2103	1361	0
2103	1582	0
2103	1583	0
2103	650	0
2103	118	0
2103	1954	0
2103	2465	0
2103	1392	0
551	391	0
551	392	0
551	2205	0
551	971	0
551	1836	0
551	2131	0
551	2207	0
551	221	0
2171	871	0
2171	330	0
2171	1755	0
2171	1211	0
2171	1063	0
2171	1208	0
2171	536	0
2171	2205	0
2171	1794	0
2171	531	0
2171	933	0
1023	719	0
1023	577	0
1023	2124	0
1023	2411	0
719	1083	0
719	2452	0
719	1063	0
719	2065	0
719	1394	0
719	1755	0
719	423	0
719	922	0
719	952	0
719	2154	0
719	272	0
1361	1033	0
1361	532	0
1361	629	0
1361	378	0
1361	796	0
1361	2346	0
1361	75	0
1361	1706	0
1361	68	0
1361	406	0
1361	2088	0
1361	2472	0
1361	778	0
1361	1497	0
922	2124	0
922	493	0
922	1537	0
922	100	0
922	2252	0
922	379	0
922	735	0
922	2487	0
922	1736	0
922	1996	0
406	1878	0
406	213	0
406	500	0
406	754	0
1878	2452	0
1878	1446	0
1878	1654	0
1878	747	0
1878	1208	0
1878	692	0
1878	1695	0
1878	2454	0
1878	1840	0
1878	1124	0
747	100	0
747	2006	0
747	2012	0
747	1515	0
747	655	0
747	501	0
747	129	0
941	777	0
941	1008	0
941	1102	0
941	924	0
941	74	0
941	290	0
378	761	0
378	2329	0
378	2151	0
378	2370	0
378	803	0
85	1537	0
85	960	0
85	655	0
85	1745	0
85	2414	0
85	2124	0
85	2119	0
85	1830	0
392	990	0
392	2300	0
392	1378	0
1109	218	0
1109	221	0
1109	754	0
1109	1039	0
1109	247	0
218	1823	0
218	43	0
218	137	0
218	243	0
218	1715	0
218	318	0
218	588	0
218	865	0
218	2003	0
1228	1935	0
1228	2346	0
1228	2072	0
1228	1715	0
1228	1740	0
1228	809	0
462	871	0
462	2269	0
462	2130	0
462	200	0
462	1463	0
462	1979	0
2124	2168	0
2124	1639	0
2124	2346	0
2124	472	0
2124	1935	0
2124	1936	0
2124	532	0
2124	2270	0
2124	563	0
2124	336	0
2124	606	0
2124	696	0
945	569	0
945	501	0
945	121	0
945	492	0
945	1857	0
945	361	0
945	1522	0
945	1423	0
945	1079	0
569	109	0
569	1836	0
569	2072	0
569	76	0
569	336	0
569	43	0
569	842	0
569	105	0
569	1102	0
569	471	0
569	981	0
569	749	0
1857	2468	0
1857	923	0
1857	108	0
1857	1715	0
1857	1731	0
1857	1108	0
1714	822	0
1714	121	0
1714	572	0
1714	1836	0
822	2452	0
822	942	0
822	1394	0
822	472	0
822	2346	0
822	137	0
822	1514	0
822	1743	0
822	1597	0
822	578	0
822	1636	0
822	2050	0
822	2387	0
2065	761	0
2065	1537	0
2065	2339	0
2065	2165	0
2065	74	0
2065	630	0
761	1929	0
761	318	0
761	76	0
761	2164	0
761	1636	0
761	5	0
761	1234	0
761	2259	0
990	1446	0
990	1765	0
990	1654	0
990	2020	0
196	2006	0
196	2331	0
196	2130	0
1208	1011	0
1208	1689	0
1208	458	0
1208	263	0
1208	573	0
1688	1509	0
1688	1765	0
1688	1657	0
1688	809	0
1688	1090	0
1688	834	0
1688	2429	0
1688	374	0
2367	944	0
2367	1390	0
2367	1621	0
2367	625	0
472	2263	0
472	1212	0
472	1422	0
472	121	0
472	2270	0
472	2358	0
472	2423	0
2263	149	0
2263	1695	0
2263	629	0
2263	1451	0
2263	1249	0
2263	391	0
2263	1831	0
921	1706	0
921	1083	0
921	1765	0
921	1132	0
921	2363	0
921	900	0
921	2323	0
921	423	0
921	1477	0
1247	2055	0
1247	306	0
1247	1335	0
1247	1587	0
1247	2234	0
1247	1373	0
2187	1984	0
2187	336	0
2187	809	0
2187	1975	0
18	1249	0
18	723	0
18	1394	0
18	1451	0
18	503	0
18	1227	0
18	1915	0
18	2026	0
18	1332	0
1015	213	0
1015	1583	0
1015	2475	0
1015	851	0
1015	793	0
1015	901	0
1015	1838	0
1015	2125	0
366	1515	0
366	1422	0
366	500	0
366	213	0
366	2034	0
366	1537	0
2168	2151	0
2168	2000	0
2168	2469	0
2168	772	0
2168	2121	0
2168	1304	0
2168	1985	0
2168	2034	0
809	2034	0
809	1515	0
809	335	0
809	667	0
809	1794	0
1328	2339	0
1328	121	0
1328	869	0
1328	1623	0
2339	815	0
2339	157	0
2339	713	0
2339	953	0
2339	2257	0
2339	482	0
572	1935	0
572	842	0
572	2270	0
572	1523	0
1639	1537	0
1639	2475	0
1639	554	0
1639	1425	0
391	1422	0
391	2412	0
391	1022	0
391	516	0
952	221	0
952	2039	0
1583	532	0
1583	2397	0
1583	200	0
1583	1715	0
1583	1984	0
1583	336	0
1583	1340	0
1583	1960	0
1583	1719	0
1583	2425	0
2414	2086	0
2414	777	0
2414	43	0
2414	1032	0
2414	1958	0
2414	2116	0
2414	389	0
1011	108	0
1011	631	0
1515	301	0
1515	745	0
1515	68	0
1515	638	0
1515	2490	0
1515	2226	0
1515	2332	0
2346	1915	0
2346	2000	0
2346	1180	0
2300	920	0
2300	562	0
2300	1211	0
2300	2269	0
2300	942	0
2300	319	0
2300	177	0
2300	1158	0
2300	419	0
2300	2496	0
2300	982	0
777	221	0
777	2151	0
777	2353	0
777	2296	0
777	1813	0
777	1622	0
777	998	0
2469	2397	0
2469	1935	0
2469	2205	0
2469	1539	0
2469	1759	0
2469	720	0
2469	2389	0
2469	1094	0
2269	2076	0
2269	2213	0
2269	43	0
2269	2422	0
200	492	0
200	2006	0
200	361	0
2452	1653	0
2452	492	0
2452	1916	0
2452	2219	0
2452	1062	0
1653	68	0
1653	2131	0
1653	1032	0
1653	1063	0
1653	1132	0
1653	536	0
1653	2294	0
1653	1891	0
1653	2102	0
1102	1476	0
1102	1495	0
1102	1606	0
199	1754	0
199	1890	0
199	440	0
199	86	0
902	1340	0
902	796	0
902	1802	0
902	157	0
902	562	0
902	109	0
1935	2151	0
1935	554	0
1935	493	0
1935	1769	0
745	1199	0
745	2465	0
2355	492	0
2355	493	0
2355	869	0
2355	24	0
2355	100	0
2355	221	0
2355	2214	0
2355	1077	0
2355	1587	0
2355	1311	0
842	2475	0
842	1040	0
698	2076	0
698	2045	0
2076	68	0
2076	471	0
2076	2397	0
2076	1204	0
2076	2130	0
2076	1393	0
1249	577	0
1249	2151	0
1249	554	0
1249	2313	0
1249	1534	0
1340	1890	0
1340	492	0
1340	83	0
1340	754	0
1340	820	0
1246	1212	0
1246	871	0
1246	2381	0
1246	2115	0
1246	1195	0
1246	1675	0
920	2000	0
920	2152	0
920	2034	0
920	826	0
920	1082	0
24	1936	0
24	471	0
1032	1489	0
129	924	0
129	1509	0
129	1008	0
129	1204	0
129	108	0
129	2130	0
129	189	0
129	328	0
129	1949	0
129	2135	0
129	540	0
129	1539	0
129	2112	0
129	1759	0
149	2152	0
149	960	0
149	1212	0
149	1526	0
2329	330	0
2329	942	0
2329	796	0
2329	1936	0
2329	815	0
2329	2130	0
2329	137	0
2329	2109	0
2329	2484	0
2329	306	0
2329	725	0
2329	1475	0
2329	878	0
330	2034	0
330	121	0
330	83	0
923	1337	0
923	482	0
2151	971	0
2151	1008	0
2151	2292	0
1683	2412	0
1683	221	0
1683	1378	0
1683	2130	0
2412	2086	0
2412	1715	0
2412	2270	0
2412	2226	0
2412	130	0
2412	1375	0
2412	1713	0
2412	770	0
2000	971	0
2000	433	0
2000	1052	0
2000	109	0
2475	604	0
2475	1509	0
2475	536	0
2475	336	0
2475	1765	0
2475	243	0
2475	924	0
2475	364	0
2475	21	0
2475	379	0
2475	1854	0
2152	1211	0
2152	423	0
2152	638	0
2152	105	0
2152	68	0
2152	1320	0
2152	1973	0
2152	506	0
2152	1621	0
1802	2012	0
1802	213	0
1802	500	0
1802	1786	0
1802	905	0
1802	1278	0
1802	1497	0
1802	1172	0
361	606	0
361	1755	0
361	562	0
361	573	0
361	1446	0
361	2373	0
1877	1754	0
1877	1949	0
1877	2500	0
1877	1303	0
100	423	0
100	1211	0
100	1657	0
1083	2006	0
1083	1745	0
1083	1852	0
1083	45	0
1083	263	0
2006	1647	0
2006	1936	0
2006	358	0
1706	1422	0
83	1451	0
83	1446	0
83	629	0
83	1715	0
83	606	0
83	1925	0
83	1823	0
2397	455	0
2397	1541	0
2397	1061	0
2397	1200	0
2397	2399	0
2086	1915	0
2086	1982	0
2086	1488	0
2086	643	0
2086	1783	0
536	1052	0
492	1657	0
492	924	0
492	563	0
492	2461	0
492	211	0
1052	398	0
1052	1745	0
1052	2104	0
1795	1212	0
1795	1745	0
1795	2195	0
1795	195	0
1795	480	0
1795	816	0
319	1516	0
319	1422	0
319	501	0
319	2376	0
1516	1079	0
1516	1765	0
1516	1008	0
1516	1936	0
1516	1657	0
1516	2375	0
1516	886	0
1516	932	0
1516	289	0
1516	2486	0
1836	869	0
1836	1722	0
1836	1737	0
1836	2001	0
1836	241	0
1836	2415	0
2012	108	0
2012	1765	0
2012	463	0
184	470	0
184	440	0
184	532	0
184	788	0
1537	1654	0
1537	871	0
1537	75	0
1537	2468	0
1537	1715	0
1537	1509	0
1537	1744	0
815	221	0
815	1350	0
815	1417	0
1915	423	0
1915	1063	0
301	341	0
2270	1929	0
2270	1006	0
2270	2149	0
2270	2328	0
2270	621	0
2270	1272	0
2270	58	0
109	1745	0
1422	43	0
1422	1657	0
1422	2063	0
971	1416	0
971	713	0
723	2034	0
723	558	0
723	1103	0
723	2276	0
723	125	0
2314	2466	0
2314	1115	0
2314	1404	0
2314	1003	0
2314	781	0
2314	2157	0
2314	2403	0
2466	1404	0
2466	1115	0
2466	1034	0
2466	1905	0
2466	1809	0
1755	655	0
1755	1689	0
1755	1589	0
1715	1874	0
1715	2436	0
1715	742	0
1715	2080	0
1960	1378	0
1960	221	0
1960	1318	0
1960	1368	0
1509	1890	0
1509	2461	0
1509	1538	0
1509	1751	0
1509	1258	0
318	1754	0
318	2310	0
318	1067	0
318	1886	0
318	1940	0
318	534	0
318	2319	0
1211	869	0
1211	213	0
1211	1227	0
1211	1718	0
1211	1435	0
1211	1701	0
1211	169	0
1982	871	0
1982	2153	0
924	455	0
924	1856	0
1079	501	0
604	1378	0
604	969	0
604	1502	0
604	1481	0
604	2403	0
604	1184	0
314	1689	0
314	1582	0
314	213	0
314	666	0
1823	655	0
1823	1376	0
1823	2305	0
1601	655	0
1601	1745	0
1601	2279	0
1601	667	0
1689	796	0
1689	942	0
1689	2233	0
1689	1316	0
1689	106	0
1689	58	0
1689	1631	0
1689	2290	0
1689	1800	0
1446	493	0
1446	500	0
1446	455	0
1446	407	0
1446	93	0
1446	2327	0
493	638	0
493	1657	0
493	1765	0
493	1984	0
493	740	0
493	2043	0
493	871	0
655	1204	0
655	638	0
655	227	0
754	2271	0
754	1790	0
1654	440	0
1654	221	0
1654	501	0
1654	2034	0
1654	2262	0
1654	1184	0
1654	679	0
1654	1347	0
869	336	0
869	1657	0
869	647	0
869	232	0
869	2418	0
2072	554	0
2072	1745	0
2072	1550	0
213	1647	0
213	2130	0
213	819	0
423	501	0
423	500	0
423	2401	0
1983	1177	0
1983	1788	0
1983	1828	0
1983	1085	0
1177	1265	0
1177	918	0
455	336	0
455	1929	0
455	629	0
455	2181	0
455	2308	0
455	628	0
1378	1204	0
1378	1567	0
1378	2271	0
1378	2323	0
554	1867	0
121	471	0
121	1553	0
121	1329	0
121	2074	0
1553	1678	0
1553	1729	0
871	836	0
871	1521	0
871	1718	0
243	221	0
243	1716	0
243	1826	0
1936	1582	0
1936	440	0
1936	706	0
1936	820	0
1212	137	0
1212	870	0
1212	1466	0
1132	501	0
1132	1647	0
137	577	0
692	500	0
692	1745	0
692	2410	0
1033	960	0
1929	1582	0
1929	2359	0
1929	1335	0
1929	341	0
1929	1468	0
942	1582	0
1404	2379	0
1404	816	0
1769	176	0
1890	1313	0
500	205	0
1984	1364	0
1984	1777	0
1984	657	0
1984	2239	0
43	1615	0
1063	1185	0
1063	2448	0
1647	1216	0
1647	1271	0
2034	1463	0
2034	1041	0
2034	2054	0
76	1331	0
76	996	0
76	2376	0
76	615	0
76	1146	0
76	1527	0
440	1657	0
440	1568	0
1394	1084	0
1394	1719	0
221	1204	0
221	1008	0
221	1887	0
2468	501	0
2468	2281	0
2468	2477	0
2468	1291	0
2468	1057	0
2468	1729	0
108	577	0
577	1870	0
1636	1405	0
1636	758	0
6	616	0
6	2262	0
616	787	0
616	1363	0
616	87	0
616	1164	0
616	1652	0
616	704	0
471	1617	0
501	2131	0
501	490	0
501	433	0
1451	2057	0
1695	1754	0
1695	1582	0
960	2131	0
960	1765	0
960	399	0
960	1629	0
960	2052	0
299	582	0
299	1065	0
299	2041	0
299	2332	0
582	160	0
582	1202	0
1745	629	0
1745	1008	0
1745	2131	0
1745	1765	0
1582	359	0
1582	650	0
1582	772	0
1582	1489	0
450	1635	0
450	2428	0
450	1257	0
1635	1173	0
1635	1523	0
1657	370	0
1657	1604	0
1657	811	0
1166	1475	0
1166	2271	0
1765	1754	0
1765	876	0
14	949	0
949	2044	0
949	2362	0
2205	1313	0
2205	1723	0
2205	349	0
638	2359	0
1405	758	0
1405	2461	0
563	1534	0
563	204	0
563	240	0
563	2325	0
563	911	0
629	2126	0
629	2375	0
408	154	0
408	1149	0
408	2273	0
154	866	0
154	533	0
336	1014	0
336	900	0
1204	2382	0
1204	1740	0
1204	1783	0
1204	2059	0
334	349	0
334	350	0
349	981	0
349	1705	0
2131	2139	0
2131	2483	0
2131	159	0
2131	1898	0
2131	962	0
796	1214	0
796	484	0
1008	1358	0
1008	1747	0
1008	1240	0
2130	296	0
2130	439	0
61	79	0
787	87	0
787	1363	0
787	1469	0
787	2325	0
944	1784	0
944	1684	0
857	1000	0
857	1604	0
857	1883	0
857	257	0
350	2172	0
350	1382	0
87	1363	0
60	1748	0
60	1749	0
60	637	0
60	35	0
1748	1466	0
1749	1360	0
143	268	0
143	1616	0
143	2462	0
143	1501	0
143	1454	0
143	1043	0
268	725	0
268	396	0
215	29	0
215	687	0
215	1913	0
29	416	0
106	420	0
106	622	0
106	422	0
420	2206	0
420	1021	0
420	2075	0
420	612	0
180	1861	0
180	1044	0
1861	464	0
1861	444	0
1861	1160	0
1861	1018	0
800	1480	0
800	359	0
800	2389	0
1480	1250	0
224	2276	0
224	258	0
2276	1562	0
2276	1631	0
2276	2271	0
1903	2008	0
1903	174	0
1903	2035	0
1903	2292	0
2008	1933	0
2008	1943	0
2008	1368	0
2008	2017	0
2008	2285	0
2008	182	0
2008	2081	0
1331	2100	0
1331	2292	0
1331	980	0
1039	1520	0
1039	1947	0
1039	306	0
1039	2244	0
1520	881	0
1520	2096	0
1520	1216	0
1520	201	0
1520	878	0
662	1126	0
662	1371	0
1126	2403	0
1126	1250	0
1126	1470	0
1752	2350	0
1752	2042	0
1752	1849	0
1752	836	0
2350	467	0
2350	1114	0
331	1860	0
331	856	0
331	1470	0
1860	2262	0
1860	1201	0
1860	2189	0
2163	930	0
664	1111	0
664	1026	0
664	1833	0
664	770	0
664	2444	0
664	1658	0
1111	1467	0
1111	1092	0
2461	2050	0
2461	1585	0
2461	821	0
2461	514	0
2461	1959	0
1	2417	0
2417	1643	0
2417	711	0
856	1694	0
181	1272	0
181	1334	0
1272	1213	0
1272	1431	0
1165	1694	0
1165	1971	0
142	1605	0
142	1995	0
142	2315	0
142	1195	0
630	1358	0
630	1312	0
1358	2359	0
1358	257	0
1358	88	0
878	1068	0
878	2016	0
878	1370	0
1068	86	0
1916	2296	0
1916	346	0
1916	2056	0
2296	1869	0
190	2380	0
190	170	0
2380	2488	0
2380	1726	0
2380	961	0
1065	1738	0
45	2406	0
45	1612	0
45	2036	0
2406	713	0
1937	2014	0
1937	439	0
2014	2129	0
1110	1956	0
1110	1483	0
1110	2170	0
1110	296	0
1110	1210	0
1110	808	0
1110	1036	0
1110	1840	0
1110	2332	0
1956	2204	0
526	2170	0
526	1662	0
2170	189	0
1713	2438	0
1713	1572	0
1713	323	0
1713	1003	0
2438	2265	0
2438	97	0
2438	958	0
1529	1538	0
1529	2415	0
1529	1919	0
1529	1507	0
1538	1046	0
685	1650	0
685	2301	0
1650	599	0
1612	2277	0
1612	1886	0
2277	1508	0
427	1852	0
427	2077	0
427	1305	0
1852	1307	0
1852	2063	0
1852	2396	0
1852	1100	0
1852	2500	0
1187	2022	0
1187	530	0
2022	52	0
2022	282	0
2022	1806	0
2022	346	0
1021	2366	0
1021	578	0
2366	1995	0
2366	1489	0
1632	1828	0
1632	799	0
1828	600	0
2126	2017	0
2126	1302	0
2126	549	0
786	1113	0
786	956	0
1113	833	0
1113	1531	0
1113	965	0
2415	1168	0
2415	1475	0
2415	1596	0
992	1700	0
992	2499	0
992	2219	0
1700	2319	0
1345	2370	0
1345	388	0
1345	1790	0
1345	1292	0
1345	1040	0
2370	1302	0
2370	791	0
2370	1525	0
2055	715	0
2055	1334	0
2055	659	0
1304	1995	0
1304	1887	0
1304	2283	0
1304	2335	0
1304	981	0
1995	1518	0
1995	1550	0
1867	2285	0
1867	1400	0
2285	798	0
1307	1913	0
1307	1557	0
1307	1895	0
1307	359	0
1913	867	0
1913	1997	0
748	2181	0
748	805	0
2181	377	0
2181	904	0
64	1201	0
1201	1420	0
1201	2129	0
1201	1100	0
1495	2134	0
1495	284	0
1495	1019	0
1495	2139	0
2134	1095	0
2134	1266	0
2134	428	0
2134	2085	0
373	1182	0
373	2321	0
1182	1845	0
1662	2450	0
1662	1218	0
1662	1753	0
1662	1723	0
2450	1973	0
1946	2332	0
1946	2097	0
1946	653	0
2332	2429	0
2332	126	0
2332	2201	0
2332	1447	0
2332	1382	0
2332	1399	0
2399	1322	0
352	2036	0
2036	2281	0
669	2107	0
669	1420	0
2107	600	0
2107	834	0
2107	2462	0
2107	2133	0
2107	1554	0
2107	2289	0
774	811	0
774	1793	0
774	279	0
774	1191	0
811	442	0
150	1339	0
150	2252	0
150	2067	0
150	95	0
1339	744	0
1339	1985	0
1339	2364	0
892	2422	0
892	726	0
2422	2225	0
2422	1638	0
1483	2299	0
1483	2128	0
667	2051	0
667	238	0
667	510	0
667	39	0
667	1477	0
667	594	0
667	1989	0
2051	297	0
2051	912	0
2051	164	0
2051	1356	0
2051	1437	0
389	1513	0
389	2088	0
389	2311	0
389	1436	0
1513	345	0
1513	825	0
1513	1437	0
1513	637	0
1513	1486	0
1513	2441	0
182	637	0
637	1387	0
637	2084	0
1226	1671	0
26	2369	0
26	58	0
26	2476	0
2369	939	0
2369	189	0
2369	1152	0
701	2058	0
701	2496	0
2058	2053	0
2058	1091	0
2058	2362	0
2058	906	0
464	1245	0
464	1664	0
2184	728	0
2184	2041	0
2184	1493	0
1428	1511	0
1428	1101	0
1428	621	0
1428	2333	0
1428	1138	0
1511	1088	0
1248	1610	0
1248	2214	0
1248	2310	0
1248	1044	0
1610	2111	0
1610	484	0
2337	2402	0
2337	672	0
2337	1369	0
2402	2146	0
2402	2407	0
2153	2499	0
2499	2099	0
1230	1387	0
1387	1622	0
469	1049	0
469	63	0
1049	329	0
1049	1449	0
939	852	0
364	1815	0
364	1842	0
364	2334	0
364	2083	0
2338	2500	0
2338	2486	0
2500	1807	0
2500	468	0
2500	1568	0
2500	771	0
870	2235	0
870	1959	0
870	1910	0
2235	400	0
2235	2378	0
2235	1042	0
1489	1881	0
1489	1550	0
1489	1699	0
1881	2215	0
1881	509	0
1881	1963	0
86	2226	0
2226	2121	0
2226	2233	0
2226	1959	0
2226	2413	0
279	1701	0
279	1043	0
1701	289	0
1701	2302	0
1701	381	0
514	1375	0
2496	1665	0
2496	1872	0
2496	1125	0
538	1490	0
538	674	0
538	516	0
538	1565	0
538	1091	0
538	518	0
1490	705	0
851	1338	0
851	529	0
851	56	0
1338	1447	0
1338	1567	0
821	2274	0
2274	792	0
2274	688	0
2274	1298	0
227	127	0
189	2348	0
189	2186	0
189	1302	0
706	2224	0
706	997	0
2224	2225	0
2224	2267	0
183	485	0
485	1659	0
485	597	0
848	883	0
883	1210	0
883	1703	0
1038	2062	0
1038	2186	0
1038	2382	0
2062	646	0
2062	1294	0
2062	2175	0
2062	1891	0
2062	264	0
2062	1518	0
2062	762	0
2252	266	0
2252	1812	0
2252	704	0
2252	2416	0
1364	2490	0
1364	1309	0
1364	17	0
2490	673	0
2490	2161	0
2490	240	0
1214	1532	0
1214	300	0
1214	480	0
2281	2182	0
2281	381	0
523	833	0
523	2286	0
523	2174	0
523	444	0
833	885	0
918	1584	0
918	529	0
918	2159	0
1584	1963	0
1584	2183	0
1486	2229	0
1486	1223	0
2229	1606	0
665	1945	0
665	1952	0
665	2070	0
1945	2177	0
1945	449	0
1945	1739	0
694	2206	0
694	1893	0
2206	1095	0
2206	659	0
2206	2284	0
2206	2421	0
2206	547	0
2206	1834	0
2206	1371	0
2214	1471	0
2214	502	0
2214	442	0
2183	2291	0
2183	1768	0
2291	1777	0
2291	2275	0
2291	696	0
2291	2145	0
1849	2453	0
1849	2298	0
1849	2070	0
1849	1051	0
1849	2477	0
2453	986	0
2453	1928	0
2453	1084	0
820	882	0
820	1629	0
820	1081	0
1415	1536	0
1415	640	0
1536	2095	0
1536	2401	0
2100	1894	0
2100	2434	0
2100	1256	0
2100	256	0
744	814	0
744	2377	0
744	478	0
744	2044	0
744	2248	0
163	1628	0
163	790	0
1628	1873	0
1628	1184	0
1628	1129	0
1833	2288	0
1833	531	0
2288	1604	0
2288	1494	0
2288	2298	0
119	1442	0
119	2209	0
119	819	0
1442	1649	0
1442	2445	0
1442	463	0
1442	2353	0
1442	2159	0
1006	1523	0
1006	2007	0
1041	1153	0
1153	2440	0
1153	2019	0
1153	2175	0
306	584	0
1283	1954	0
1283	2427	0
1283	1555	0
1283	158	0
1954	2204	0
1954	760	0
2204	1588	0
2204	1882	0
2204	1311	0
2204	1965	0
1545	2093	0
1545	958	0
2093	422	0
771	2260	0
771	2344	0
2260	2247	0
2260	2266	0
2260	1053	0
2260	738	0
263	1604	0
263	798	0
263	449	0
263	898	0
263	1990	0
263	1433	0
263	2485	0
263	1024	0
263	1145	0
263	1098	0
1604	1193	0
1604	1921	0
2213	2037	0
2213	1799	0
2213	1176	0
2213	865	0
1003	1977	0
1003	342	0
1229	1314	0
1314	1866	0
1314	2407	0
1314	2483	0
1314	2299	0
1614	2240	0
1614	823	0
2240	762	0
2240	1453	0
2240	1547	0
768	964	0
768	1521	0
768	347	0
768	1125	0
768	46	0
964	1302	0
126	2404	0
126	1025	0
2404	2039	0
2404	752	0
2404	2388	0
2404	672	0
281	2448	0
281	2262	0
281	2491	0
281	69	0
2448	671	0
696	1056	0
1809	2392	0
1809	1893	0
1809	1195	0
1809	2193	0
2247	2373	0
2247	785	0
2373	1783	0
2373	2323	0
2373	1356	0
2373	790	0
2373	2290	0
1309	1820	0
1309	358	0
1309	148	0
969	2456	0
969	1462	0
969	2220	0
969	2046	0
1585	2261	0
1585	1448	0
1585	900	0
2261	2321	0
2261	1129	0
2261	34	0
56	1894	0
1012	1376	0
1376	528	0
1376	1396	0
1970	1949	0
1970	1125	0
1970	170	0
998	1163	0
1163	110	0
1163	958	0
283	2166	0
970	985	0
970	1742	0
970	574	0
970	1013	0
970	2042	0
985	876	0
985	543	0
1055	2050	0
1055	324	0
1055	1042	0
2050	2435	0
2050	1278	0
738	2137	0
738	2398	0
738	2060	0
2137	1098	0
2137	1432	0
2454	1550	0
2454	1350	0
2454	165	0
2454	1923	0
677	1814	0
677	30	0
677	1892	0
1814	1066	0
1814	2298	0
1814	1485	0
1814	2458	0
1814	2494	0
981	1223	0
981	1595	0
981	385	0
981	324	0
981	648	0
1223	2429	0
1223	1434	0
956	980	0
2039	2478	0
2039	2312	0
2478	1238	0
2478	1550	0
165	1967	0
165	974	0
1967	1550	0
1967	1727	0
404	961	0
404	410	0
404	1503	0
404	2104	0
961	760	0
961	1412	0
410	2110	0
410	838	0
2377	2486	0
2377	1939	0
1869	695	0
1869	1054	0
399	1914	0
1095	888	0
174	1589	0
1589	2383	0
633	668	0
633	671	0
668	117	0
668	1354	0
678	2410	0
678	1563	0
678	720	0
2410	1758	0
2410	626	0
2410	1597	0
2003	2106	0
2003	876	0
2003	2387	0
2106	1525	0
2106	303	0
1631	2142	0
2142	1521	0
2142	1398	0
1036	1050	0
1036	1723	0
1050	600	0
1050	1885	0
1572	1746	0
1572	480	0
1572	542	0
1572	1630	0
940	1543	0
940	974	0
1441	2148	0
1548	1623	0
1548	1865	0
1548	545	0
1548	2304	0
1548	1539	0
1548	1090	0
1623	2447	0
515	739	0
515	1434	0
515	576	0
1699	2306	0
2306	127	0
1122	1534	0
1122	2467	0
1122	2174	0
1534	814	0
1534	957	0
1534	1646	0
1534	2123	0
1534	2098	0
781	2484	0
781	1762	0
781	957	0
781	386	0
781	2095	0
972	1047	0
972	1458	0
972	743	0
1047	1091	0
1240	1563	0
1240	1925	0
1240	2493	0
1563	1141	0
1563	104	0
1563	545	0
1963	1418	0
1963	54	0
959	1334	0
1334	369	0
1334	2498	0
1368	1386	0
1368	2119	0
1368	2457	0
1368	2196	0
1368	2429	0
1386	2317	0
1386	858	0
256	2203	0
256	2246	0
256	1476	0
2203	1435	0
2203	1786	0
2203	1957	0
622	666	0
622	1624	0
1783	1308	0
1783	1640	0
1783	1281	0
721	950	0
721	2343	0
721	1372	0
950	2474	0
1820	439	0
1514	1296	0
1514	1528	0
715	1175	0
1175	1580	0
1175	360	0
1175	12	0
1175	2005	0
1532	1630	0
1532	2313	0
1532	1255	0
1532	203	0
1630	59	0
1630	2395	0
1630	2122	0
1630	2266	0
684	1477	0
684	448	0
1477	1677	0
1494	2096	0
2096	2354	0
2096	1125	0
1664	1696	0
1664	1851	0
1664	2068	0
1696	2429	0
371	1762	0
371	167	0
371	1316	0
1762	1850	0
127	1934	0
814	1479	0
814	927	0
814	324	0
814	1640	0
1742	773	0
2233	962	0
2233	728	0
2233	937	0
2233	1832	0
2233	1420	0
360	861	0
861	1642	0
861	2172	0
861	1552	0
861	72	0
1085	2060	0
1085	714	0
2060	1883	0
737	2395	0
737	1150	0
737	339	0
2395	2394	0
1975	2087	0
1975	1519	0
1975	1392	0
1975	2	0
2087	2328	0
2087	1374	0
2246	2403	0
527	750	0
527	1882	0
750	2293	0
750	1669	0
750	2123	0
750	107	0
647	1925	0
2064	2293	0
2293	534	0
2293	697	0
2293	261	0
2293	2104	0
2293	1895	0
104	1200	0
104	1005	0
104	1799	0
1200	2210	0
1200	766	0
770	2331	0
770	1348	0
770	543	0
770	1024	0
770	169	0
2331	359	0
223	2238	0
223	1320	0
2238	122	0
2238	358	0
650	2382	0
650	1313	0
650	1407	0
650	1655	0
1263	2447	0
1263	1856	0
2447	2264	0
2447	2176	0
2447	2416	0
528	1578	0
528	1037	0
528	1268	0
528	965	0
1642	1185	0
1108	1125	0
1108	402	0
1108	1395	0
1108	1120	0
497	2176	0
497	1539	0
2176	1777	0
2176	1129	0
1356	1974	0
1356	1792	0
1416	699	0
1416	1421	0
1416	772	0
543	1355	0
1355	640	0
1355	69	0
2109	1987	0
374	1905	0
1292	1718	0
1292	499	0
1292	323	0
1718	1919	0
1718	1994	0
927	1997	0
927	2378	0
927	1735	0
927	2135	0
927	1524	0
1997	2156	0
1997	1911	0
84	1633	0
84	2027	0
84	2191	0
2424	2484	0
2424	2066	0
2424	1780	0
2424	1979	0
2424	2035	0
2484	1897	0
2484	2498	0
2484	2254	0
2484	151	0
2484	49	0
2484	651	0
1872	2005	0
1872	1406	0
1872	1017	0
2005	2136	0
2428	1459	0
2428	1909	0
2428	759	0
1789	2283	0
1789	958	0
2283	284	0
2283	1121	0
2283	1471	0
2283	1094	0
903	2029	0
903	1723	0
903	1499	0
903	2123	0
903	2244	0
2029	625	0
2029	2027	0
1897	1144	0
2262	1438	0
2262	2146	0
1541	2009	0
1541	858	0
1541	1168	0
2009	1195	0
2009	2351	0
574	865	0
574	95	0
574	1178	0
865	1669	0
2403	682	0
2403	570	0
2253	2456	0
2456	2310	0
2456	1968	0
643	1351	0
1351	1434	0
1351	2477	0
1521	1686	0
1521	962	0
1352	1492	0
1352	1266	0
328	1892	0
328	540	0
506	2493	0
506	2105	0
506	2264	0
506	935	0
2493	1507	0
2493	1812	0
816	1519	0
816	2099	0
816	1195	0
1519	1716	0
1519	2463	0
828	1518	0
828	743	0
828	1870	0
1518	1508	0
1518	1092	0
1183	1447	0
1183	808	0
1183	671	0
1447	1609	0
1447	2094	0
962	1909	0
962	2294	0
1909	702	0
1909	477	0
93	2416	0
93	688	0
2416	653	0
2416	1288	0
2416	2310	0
1017	2434	0
1017	1196	0
1017	186	0
2434	2160	0
2434	1841	0
2434	2255	0
2375	587	0
2375	1380	0
1994	2465	0
1994	1819	0
2465	458	0
1794	2162	0
911	1293	0
911	2038	0
911	1557	0
911	277	0
1293	2133	0
1293	966	0
556	2409	0
556	2378	0
2409	2030	0
2409	934	0
2409	431	0
867	2085	0
867	914	0
867	2138	0
867	1380	0
1054	2487	0
1054	2136	0
2487	642	0
2207	1325	0
2207	2198	0
2207	1622	0
2207	876	0
2207	430	0
400	437	0
400	133	0
400	1893	0
2044	2390	0
799	997	0
799	99	0
799	47	0
997	1961	0
1586	2079	0
1586	2158	0
1104	1941	0
1104	495	0
1104	2007	0
1941	1882	0
1941	1167	0
1512	1866	0
1512	2481	0
1866	1222	0
1866	2302	0
855	1461	0
855	1779	0
1461	2140	0
1461	1409	0
1461	1119	0
709	1985	0
709	1974	0
709	887	0
709	1533	0
1985	1759	0
1985	1620	0
957	1931	0
957	860	0
957	1725	0
957	509	0
957	1566	0
957	1336	0
1931	1453	0
433	2497	0
74	2458	0
74	2092	0
74	1380	0
2458	1059	0
1933	2018	0
1933	1991	0
1933	1014	0
1933	2251	0
1933	2485	0
1933	2042	0
2018	1588	0
2018	1096	0
2018	1779	0
2067	1797	0
21	19	0
21	1169	0
2427	2059	0
2427	1395	0
1057	2317	0
1057	246	0
2317	933	0
2317	801	0
1925	367	0
2053	876	0
1649	19	0
1834	2115	0
1834	1793	0
2115	2312	0
2115	731	0
2115	1843	0
854	1850	0
1850	1902	0
1850	1988	0
1850	367	0
578	2376	0
578	1908	0
384	2303	0
2303	2185	0
2303	2074	0
2303	2154	0
238	2286	0
1313	1172	0
1313	496	0
1667	2054	0
2054	1010	0
2054	2158	0
2054	1615	0
434	1864	0
53	140	0
720	2156	0
720	124	0
720	1615	0
2156	2295	0
2156	2418	0
2156	1105	0
2310	2326	0
2310	2071	0
456	2311	0
456	1979	0
456	2069	0
452	1615	0
452	929	0
452	138	0
1615	1112	0
1615	28	0
1615	1904	0
1297	1917	0
852	2335	0
1088	2219	0
2219	1707	0
2219	2227	0
772	375	0
290	1224	0
290	1255	0
290	2405	0
290	1392	0
1224	1608	0
1224	1424	0
1224	17	0
2445	2114	0
2445	1117	0
2445	358	0
2445	1066	0
2445	8	0
1942	2198	0
1942	1679	0
898	2294	0
898	302	0
898	1595	0
898	1947	0
2294	2215	0
2294	403	0
1066	919	0
36	2002	0
36	2154	0
2002	2089	0
2002	1900	0
1010	1968	0
2340	1725	0
2340	2321	0
219	1592	0
1592	1399	0
1690	2021	0
1690	1042	0
1690	2361	0
2021	1873	0
2021	110	0
2021	2343	0
2021	1725	0
1493	1523	0
1493	1939	0
1493	248	0
1493	1895	0
1493	1928	0
1523	1303	0
1523	1564	0
1155	1501	0
1501	2396	0
1501	1185	0
2382	1072	0
2382	230	0
169	2371	0
169	1167	0
169	2323	0
169	1172	0
2371	951	0
2371	1130	0
1308	1479	0
2139	1856	0
370	877	0
370	1157	0
370	73	0
1751	1845	0
1751	1437	0
1845	2084	0
11	872	0
11	99	0
11	752	0
1579	2353	0
1579	47	0
1579	1656	0
2353	2209	0
2353	2143	0
2353	1472	0
2353	2150	0
177	2398	0
177	1784	0
65	1578	0
65	1862	0
1578	1296	0
1578	1460	0
1578	1996	0
1578	417	0
1578	760	0
895	1445	0
1445	836	0
1445	1880	0
1445	716	0
123	1923	0
123	660	0
317	2085	0
317	1606	0
2085	1437	0
2085	512	0
2085	1464	0
900	1496	0
900	823	0
1496	1526	0
186	1646	0
186	2095	0
186	1747	0
186	477	0
1646	2463	0
1557	1029	0
1557	2356	0
1557	148	0
1557	618	0
716	1090	0
716	1542	0
1090	431	0
1090	1030	0
2312	1048	0
1661	2435	0
1661	467	0
1661	1658	0
1661	477	0
2435	1957	0
473	1438	0
473	2255	0
473	795	0
1438	1617	0
1438	211	0
1040	332	0
1040	1027	0
1040	1787	0
1040	581	0
1040	2091	0
1040	1959	0
185	1746	0
185	2489	0
1746	804	0
1746	542	0
653	2194	0
791	2146	0
791	991	0
2146	837	0
2146	1354	0
1574	1599	0
1574	2295	0
1599	226	0
1599	1024	0
1599	2162	0
1599	545	0
1329	291	0
131	2494	0
131	1117	0
131	216	0
2494	386	0
2494	2192	0
1986	2199	0
1986	535	0
261	394	0
1588	1317	0
1588	1790	0
1588	1674	0
1588	640	0
1568	2112	0
1568	1282	0
1568	8	0
1568	628	0
1568	259	0
2112	2108	0
2112	703	0
1178	2074	0
1178	1070	0
1525	1981	0
1525	1388	0
1777	1853	0
1777	1886	0
1756	2272	0
2272	482	0
2272	2344	0
2286	558	0
2286	2426	0
2286	1889	0
1743	1268	0
2275	593	0
2275	447	0
2275	810	0
736	1179	0
736	1333	0
736	448	0
1179	1227	0
1222	1817	0
1222	2425	0
1222	2222	0
1222	844	0
1817	1424	0
1738	1805	0
1738	252	0
1738	586	0
1805	164	0
1805	303	0
1827	1969	0
1827	627	0
1827	1136	0
1827	749	0
1969	1290	0
1969	333	0
1580	2165	0
1580	1366	0
1974	2239	0
1974	2407	0
7	494	0
494	1594	0
494	133	0
494	955	0
494	2234	0
494	1780	0
494	2216	0
2221	397	0
1856	1911	0
974	1528	0
1418	2111	0
1418	587	0
1418	681	0
2111	1482	0
2111	1781	0
2111	2172	0
2111	826	0
2111	265	0
1191	1471	0
1191	17	0
1191	1288	0
1191	539	0
1191	1388	0
1471	663	0
1471	1426	0
588	1465	0
1162	1410	0
1410	1816	0
1410	2460	0
1410	1454	0
1474	2440	0
1474	2462	0
1474	1891	0
2440	836	0
1149	732	0
1616	1721	0
2401	2420	0
713	277	0
713	1425	0
1550	1955	0
558	1464	0
1868	2098	0
1868	2037	0
1868	1629	0
1868	1626	0
1868	1692	0
1868	1151	0
1868	2376	0
1868	1145	0
2098	1712	0
2098	1417	0
2098	1134	0
2098	1643	0
2265	2429	0
2265	2457	0
2265	679	0
338	632	0
1437	1951	0
1437	1432	0
1437	916	0
1437	1603	0
1951	766	0
1902	2145	0
2145	1793	0
2145	1992	0
2145	1406	0
1316	1195	0
1555	2476	0
1555	1037	0
1555	1169	0
2476	928	0
2476	1717	0
2476	1938	0
2476	2023	0
729	1801	0
729	2097	0
1801	740	0
1801	2220	0
210	2374	0
210	963	0
2498	1257	0
2498	2419	0
2498	1797	0
534	2024	0
534	773	0
1949	1656	0
1949	740	0
1949	1904	0
1949	1455	0
151	1542	0
118	295	0
118	864	0
511	1097	0
1097	1382	0
805	977	0
805	1926	0
1227	621	0
1071	2043	0
1071	1238	0
2043	958	0
251	2193	0
251	810	0
2193	2011	0
2193	2309	0
1037	1275	0
1037	1552	0
658	1164	0
1164	889	0
1164	891	0
1606	1150	0
2481	1966	0
2194	2140	0
2194	2200	0
2194	1374	0
2358	560	0
2358	1138	0
2358	2227	0
1968	2159	0
211	2391	0
1712	2324	0
1712	125	0
1712	2315	0
2063	1842	0
2063	459	0
2063	2489	0
1320	1193	0
1320	1382	0
1320	575	0
1320	372	0
1663	1885	0
1663	1839	0
1885	1655	0
274	1870	0
274	2341	0
1870	461	0
0	1013	0
431	553	0
431	1684	0
529	302	0
1686	2376	0
1686	2280	0
1686	1202	0
2376	2400	0
2376	2287	0
133	446	0
49	585	0
49	2492	0
49	530	0
49	1874	0
49	1020	0
618	1452	0
618	117	0
1452	2046	0
1694	1232	0
1694	1594	0
1694	986	0
1694	1687	0
1567	1793	0
1567	2108	0
1793	1786	0
1793	808	0
672	1908	0
672	1403	0
47	795	0
47	1244	0
795	2220	0
795	1934	0
304	2309	0
304	2302	0
304	877	0
304	262	0
2309	2497	0
1302	1158	0
825	1300	0
825	700	0
1300	2342	0
1300	195	0
1300	2489	0
2195	2407	0
2195	362	0
1303	2116	0
1303	1620	0
1303	1449	0
1303	2154	0
1303	1174	0
2116	2267	0
2116	63	0
2116	1920	0
2116	390	0
2116	1800	0
1062	2437	0
1062	2215	0
1062	1603	0
1062	535	0
1062	755	0
2437	1042	0
1892	2047	0
2047	976	0
2047	1971	0
390	1180	0
390	1806	0
390	866	0
1180	1726	0
1180	466	0
1103	1395	0
850	2174	0
2174	2482	0
2174	873	0
1275	1972	0
728	54	0
1786	1381	0
1786	1499	0
1786	1005	0
2489	166	0
2489	1157	0
2027	1310	0
1552	145	0
621	2479	0
621	1337	0
63	1288	0
1288	2342	0
1322	979	0
1322	2396	0
205	32	0
2324	645	0
2279	1053	0
2279	34	0
1846	2363	0
2363	467	0
1420	648	0
1420	836	0
1026	1158	0
375	1469	0
375	101	0
2030	1895	0
2030	648	0
2030	1197	0
2030	2208	0
216	2080	0
216	310	0
216	587	0
2080	1042	0
2119	2158	0
1721	2186	0
1721	1980	0
1389	2250	0
1389	2321	0
2250	707	0
1135	2105	0
1135	1708	0
727	2173	0
1926	2128	0
1926	2449	0
1926	533	0
1158	1236	0
2133	2430	0
2133	1920	0
2215	467	0
2429	2092	0
2429	2125	0
2429	1146	0
2429	1323	0
1987	2177	0
2177	1278	0
2177	1591	0
2037	2305	0
1265	2289	0
1265	897	0
1265	535	0
302	2179	0
302	906	0
302	2042	0
2179	759	0
2179	512	0
2061	2178	0
2178	516	0
2178	2084	0
2178	2315	0
2178	1019	0
1172	2083	0
887	1711	0
887	1702	0
887	615	0
1282	1210	0
1282	1146	0
1685	2189	0
1685	1702	0
1685	2256	0
1685	1958	0
930	1271	0
930	1799	0
1629	2497	0
906	2491	0
906	1641	0
906	130	0
906	1569	0
906	1665	0
2491	1883	0
561	1652	0
561	1456	0
1652	912	0
1652	1666	0
1042	1239	0
1042	837	0
1042	2451	0
1092	1774	0
1092	280	0
1092	111	0
1092	2136	0
1141	478	0
1141	880	0
673	17	0
749	2160	0
749	2497	0
749	2405	0
1139	1207	0
1139	2348	0
1207	876	0
823	973	0
823	1806	0
973	1018	0
973	2196	0
973	955	0
1815	1131	0
1815	54	0
1286	2089	0
1286	1402	0
1286	71	0
2089	1750	0
1526	1973	0
1467	439	0
1595	1220	0
1403	1366	0
1403	2385	0
1019	2136	0
2136	1830	0
467	1064	0
467	1094	0
467	2004	0
1018	2268	0
2268	1895	0
2268	2492	0
666	1782	0
1233	2186	0
1233	171	0
1233	505	0
2186	801	0
2099	1431	0
1907	2114	0
2185	1189	0
2185	1918	0
2185	1759	0
671	2387	0
933	2325	0
933	1417	0
933	2227	0
2325	2354	0
1722	619	0
1722	429	0
1357	1964	0
1357	422	0
1400	1934	0
2019	2095	0
2095	1279	0
2095	1705	0
2095	1725	0
1626	908	0
1626	1720	0
345	2426	0
1347	2364	0
2364	1127	0
1472	1812	0
1472	991	0
1472	465	0
1812	335	0
499	1425	0
2264	868	0
99	769	0
99	2408	0
99	1724	0
323	1687	0
1687	1842	0
2234	2302	0
2234	2245	0
1979	1613	0
1979	915	0
885	1676	0
1744	1977	0
1977	1479	0
1977	1298	0
2381	1757	0
2381	1624	0
1792	1831	0
1792	1665	0
1831	846	0
1370	2477	0
868	1311	0
30	1594	0
30	2320	0
996	631	0
2407	907	0
2188	2388	0
2188	2256	0
2388	144	0
2388	1665	0
2388	2426	0
2388	751	0
1059	1806	0
1091	1231	0
1668	2211	0
1668	2357	0
2211	284	0
1367	1444	0
1367	2307	0
1367	2460	0
1444	1565	0
66	1726	0
1990	2057	0
1990	1808	0
1990	975	0
2016	2313	0
2016	2088	0
1651	2335	0
2335	1401	0
2335	1005	0
2335	1147	0
1709	2408	0
2408	801	0
2408	1565	0
836	2259	0
1268	2495	0
1268	2217	0
260	2320	0
2320	132	0
619	2391	0
425	1757	0
1084	1901	0
1901	1236	0
1901	441	0
20	1803	0
1803	1767	0
1803	1566	0
1803	2028	0
656	979	0
656	765	0
1479	1312	0
1479	1697	0
2362	1621	0
214	1007	0
1007	1767	0
1007	660	0
1150	446	0
1150	530	0
1806	1237	0
824	1274	0
1274	1676	0
1261	1323	0
1261	1859	0
1323	122	0
1323	2273	0
2239	2483	0
80	1736	0
80	1130	0
1736	1930	0
1005	587	0
1005	2182	0
775	2333	0
775	1517	0
775	284	0
2319	1645	0
1169	1484	0
1169	1278	0
422	934	0
1384	1465	0
2154	1121	0
1723	2056	0
2162	1832	0
2162	1891	0
1874	946	0
428	2069	0
428	1996	0
2069	451	0
2069	1424	0
2069	533	0
936	1484	0
1484	203	0
659	1766	0
659	2135	0
909	915	0
204	2418	0
204	1971	0
2418	2218	0
1731	1741	0
1731	191	0
2164	1192	0
1094	2077	0
1094	1466	0
2077	583	0
2077	465	0
1028	1822	0
1028	2216	0
1028	320	0
1822	2017	0
468	1089	0
1189	2442	0
1189	1779	0
1189	1332	0
817	2432	0
1454	1620	0
1454	2020	0
1620	1232	0
170	580	0
907	1243	0
1236	2026	0
1236	2244	0
348	733	0
348	2328	0
348	98	0
265	1462	0
2157	1540	0
1195	71	0
1195	1669	0
1144	2426	0
1144	654	0
97	1470	0
1799	760	0
1799	1457	0
1193	1267	0
329	1705	0
663	2368	0
77	1838	0
77	1535	0
171	1142	0
1943	1417	0
1943	912	0
853	1720	0
1077	963	0
1077	679	0
1077	1698	0
1077	1326	0
1402	760	0
1279	1528	0
353	1581	0
353	2400	0
353	1991	0
353	1146	0
1581	1908	0
1457	2256	0
2256	2334	0
2121	2104	0
2121	2192	0
2121	2182	0
2391	743	0
2391	681	0
844	2321	0
2321	2327	0
1245	2125	0
1245	277	0
980	1768	0
1768	1750	0
1143	2161	0
2161	2304	0
1503	2125	0
1503	1273	0
1503	645	0
1027	731	0
1027	1658	0
1887	270	0
1842	1561	0
35	282	0
1417	1759	0
1895	769	0
466	2190	0
2190	1487	0
2190	1677	0
1210	96	0
1210	1255	0
1210	1043	0
1210	2266	0
1231	2497	0
1231	598	0
1401	1622	0
144	704	0
144	482	0
1779	1875	0
1779	2237	0
617	2297	0
2297	759	0
2297	802	0
2125	984	0
1669	1001	0
1482	1728	0
1728	1464	0
1043	1729	0
1043	2430	0
2057	2144	0
2348	28	0
2348	1344	0
881	2302	0
881	1566	0
769	1566	0
367	2413	0
367	1348	0
886	2251	0
886	379	0
1060	1619	0
1619	413	0
1619	1499	0
1455	1734	0
752	421	0
516	1910	0
516	2082	0
1910	1238	0
1707	134	0
1707	1908	0
1382	2167	0
2167	2094	0
458	2078	0
1475	760	0
321	785	0
785	2192	0
2379	2048	0
277	2123	0
277	73	0
955	1238	0
955	2254	0
1238	482	0
1310	2384	0
1310	1678	0
1276	2442	0
1276	486	0
2442	1232	0
1029	2405	0
358	1821	0
545	416	0
760	2280	0
2284	1379	0
651	929	0
929	951	0
929	2436	0
548	1359	0
548	2132	0
1130	2278	0
905	82	0
1930	2473	0
2473	454	0
2267	2386	0
2267	134	0
2267	1348	0
271	1898	0
271	2322	0
1239	37	0
2015	2361	0
2361	773	0
2361	1099	0
1225	1665	0
1665	1327	0
1681	2155	0
2155	2460	0
2155	1218	0
2155	2313	0
71	700	0
2222	236	0
1729	1298	0
773	1770	0
860	880	0
860	1880	0
860	610	0
117	1896	0
1896	28	0
1266	40	0
2299	275	0
402	310	0
1527	1258	0
808	2389	0
808	212	0
1221	2248	0
509	2290	0
2290	1100	0
2290	1544	0
2398	2017	0
1136	1988	0
1464	1508	0
432	2158	0
553	919	0
130	2488	0
1306	2287	0
1306	756	0
495	743	0
495	2420	0
1787	1851	0
1787	1879	0
1787	1436	0
1787	1147	0
1851	579	0
421	2147	0
620	914	0
826	901	0
826	2492	0
1425	459	0
1429	1473	0
1429	1349	0
1429	794	0
1473	2436	0
2092	476	0
2304	2385	0
1409	1658	0
1409	1159	0
1409	888	0
39	595	0
2023	2200	0
1816	722	0
512	3	0
1594	1609	0
443	1539	0
341	342	0
341	652	0
1466	2492	0
1466	491	0
2492	1380	0
291	1596	0
454	533	0
2423	1839	0
1958	1640	0
28	1879	0
28	1609	0
28	541	0
552	1993	0
552	2191	0
1875	762	0
430	2278	0
2278	1140	0
1883	395	0
1562	631	0
114	222	0
225	1640	0
1640	419	0
1640	2217	0
1770	1319	0
1014	2495	0
2495	2449	0
2495	88	0
1396	1862	0
1396	1992	0
1414	1702	0
1414	37	0
1414	1203	0
1702	608	0
1299	1319	0
2143	2430	0
2143	1341	0
1215	2102	0
1761	2326	0
542	2169	0
542	1317	0
2169	1705	0
1458	1237	0
1617	1884	0
1611	1775	0
1611	307	0
1499	793	0
2323	2001	0
2323	2431	0
1114	759	0
1114	1847	0
2017	1730	0
1947	1998	0
555	735	0
1830	913	0
1830	2201	0
1151	1955	0
1609	1498	0
258	244	0
2192	1198	0
1781	1436	0
1781	1093	0
1348	2464	0
586	1385	0
1385	2259	0
2231	2501	0
2501	2242	0
1099	2245	0
1232	1618	0
581	2341	0
2341	1922	0
1311	2237	0
444	549	0
991	1703	0
991	409	0
380	448	0
474	818	0
474	2013	0
818	2259	0
818	1271	0
1491	2344	0
1491	1939	0
976	2488	0
1991	1253	0
459	1086	0
459	1192	0
459	91	0
726	1808	0
1271	803	0
946	583	0
1470	2091	0
1470	1880	0
1821	235	0
794	1146	0
1146	804	0
1255	598	0
1884	2482	0
1137	802	0
801	688	0
1101	2082	0
1678	2068	0
1253	1841	0
1841	2316	0
1753	1906	0
2301	2497	0
2144	1105	0
107	2011	0
107	524	0
1676	2344	0
598	896	0
1456	2191	0
2059	381	0
2059	1450	0
2488	1704	0
264	1256	0
1205	2071	0
1908	2122	0
1317	1767	0
1703	1070	0
1296	2013	0
1395	320	0
827	1497	0
1497	1732	0
1758	592	0
1957	2202	0
1957	187	0
2334	1906	0
138	1533	0
138	928	0
1390	859	0
2182	2431	0
1157	1843	0
951	1284	0
379	575	0
96	241	0
476	1853	0
1267	161	0
1267	54	0
37	1638	0
804	1575	0
804	2439	0
2378	611	0
159	1644	0
919	1173	0
919	2048	0
2251	999	0
2251	525	0
615	1621	0
175	2420	0
175	2132	0
2420	32	0
2420	1853	0
1682	2244	0
2244	935	0
2244	1976	0
23	1349	0
23	1839	0
23	1724	0
1349	1825	0
1344	1411	0
1344	1921	0
273	1934	0
1024	2336	0
1001	2258	0
486	559	0
1324	1558	0
1324	1045	0
889	530	0
1174	1730	0
1730	583	0
267	1727	0
935	2242	0
1234	1598	0
1622	401	0
1853	155	0
2084	245	0
1507	1176	0
403	252	0
2386	1362	0
2191	2010	0
2271	797	0
802	1570	0
2201	764	0
2196	305	0
965	717	0
635	1371	0
1374	2001	0
295	413	0
916	610	0
2082	460	0
530	1242	0
1554	2078	0
864	2443	0
240	1002	0
1138	849	0
986	2216	0
1540	1844	0
1161	1209	0
98	2120	0
2259	605	0
2259	305	0
1453	2347	0
1372	2210	0
269	351	0
2356	1825	0
518	89	0
1235	2357	0
1961	1710	0
999	571	0
1904	1058	0
259	354	0
1684	167	0
477	583	0
2052	2150	0
228	435	0
401	2480	0
1105	568	0
1073	2446	0
32	925	0
1096	1098	0
734	2141	0
2351	1295	0
2046	311	0
475	2049	0
1277	1573	0
966	1217	0
1285	1600	0
1398	1549	0
315	680	0
217	1301	0
2028	2241	0
393	1080	0
